-1.40163
1.00992
-1.03768
16.4551
12.0021
-1.15466
-0.615473
7.31181
-1.04679
5.0832
-0.781307
-0.692923
69.2591
13.3027
-0.447796
-1.36916
100.341
3.49026
-0.0480414
-0.200973
-0.885064
-0.938741
37.4276
-0.917942
4.49564
-1.43746
-0.108118
1.24492
17.3233
-0.972719
-0.421601
-1.45725
8.67449
7.70825
2.87599
-1.04528
39.4668
18.1615
-0.708689
-0.917025
51.3185
-1.42916
0.0921738
-0.345776
-0.276884
8.61509
-0.00514685
6.04546
-0.274251
-0.181425
-1.2122
-0.244071
1.68213
-0.0302207
23.076
-1.50557
-1.4696
-0.772885
-1.49302
-0.148787
-0.196961
-0.795685
-0.949258
11.5175
-0.405401
-1.01428
0.156006
-0.306564
-0.0560258
0.0261198
-0.456821
37.0825
41.377
106.886
72.8762
-1.13104
53.4452
0.124875
-1.46963
1.85339
-1.17891
34.4376
-1.31748
-0.391785
-0.303936
15.6912
-1.25255
-1.38437
-1.28072
-1.52539
-0.36364
-0.536636
0.944254
-0.110574
148.999
-1.45758
-0.10451
-1.42915
-0.305303
0.120522
-0.0479976
5.76661
-0.814605
8.41583
-0.364409
5.09546
23.6982
2.39587
0.124976
-0.623357
-0.408493
-0.0512485
-0.80213
2.95112
203.711
-1.29075
-0.264649
2.09624
-1.21719
54.5189
-1.48354
0.0912136
6.4773
-0.155376
0.378713
112.237
12.2038
2.81716
-0.366126
56.7979
0.965454
46.1823
0.0428717
-0.29309
18.3149
-0.194544
-0.67334
-0.267443
5.72765
0.0940229
0.1209
-0.212289
263.735
-1.04072
1.46055
-1.33374
5.29895
-0.335276
-1.28488
497.232
-1.05538
3.0312
-0.385407
-0.353266
16.234
-0.390673
153.223
-0.780059
-0.648642
7.61043
-1.25187
-0.525613
-0.711294
48.9663
10.2443
-0.393987
0.277479
-1.32911
-0.354561
41.4305
0.00367298
-1.52635
-1.07972
-0.2665
28.2973
-0.565311
50.202
0.0107581
0.0568394
10.3954
-1.09076
-0.111952
32.7095
17.039
-1.44318
-0.0463887
18.8539
-0.867111
0.0917448
93.5517
-1.17731
12.6862
-0.71714
-1.16175
-0.751123
63.7317
-1.01683
6.1808
2.615
1.03732
168.878
-1.16809
0.570041
244.474
0.0788338
-0.365341
-0.82225
-0.0397903
2.53506
-1.38005
-1.27688
-1.42792
-1.36319
12.6658
-0.425765
-1.19234
-0.0924603
0.109422
50.6829
-0.0461774
5.37565
-1.20178
-0.42004
-0.639789
22.367
0.0489557
0.0246498
-0.155756
-0.917755
3.04581
0.105699
41.5322
97.6304
1.07033
0.0314181
-0.222154
-1.45409
-1.00544
-0.95873
-0.832196
-0.455181
290.165
-1.16711
-1.05696
0.00387969
82.053
0.0627729
0.0230661
6.90783
26.3975
-0.39973
405.652
-0.0511591
-1.29255
-1.41485
-1.36519
4.18785
-1.23048
-0.0964856
-1.31579
2.89287
119.472
-0.0523044
333.592
-0.92794
-0.212551
-0.543038
6.05955
37.5175
2.6582
-0.1767
3.27733
77.6395
2.05223
1.072
7.62404
13.7995
511.827
25.2304
-0.123965
8.76166
35.2287
69.4325
9.29562
-0.620093
-1.06598
11.3828
99.7665
2.76329
-0.20588
0.708875
-1.42274
0.1216
-1.5136
2.10646
-1.47292
-0.224537
15.9146
212.908
112.48
44.5744
219.938
136.483
27.1018
50.1831
15.81
27.9782
6.63124
308.687
0.815066
5.87292
206.69
7.28596
3.6531
-1.23969
-1.39816
-0.222932
0.124531
-1.02507
48.317
-1.09788
0.289945
46.7249
48.8352
47.1165
-0.762885
-1.36404
-1.16205
-0.636801
-0.257215
0.12491
-0.330578
-0.384458
41.5629
2.31558
2.34571
0.118307
7.50963
-1.3555
-0.189475
-1.07559
0.108781
-1.51178
-1.42909
-1.19756
-0.340409
35.7742
-1.29014
-1.36558
18.0187
-0.544269
1.50761
-0.769182
-0.898297
121.564
212.496
-0.251351
-0.508034
5.18403
-0.91741
0.5246
6.97896
1.0343
8.13388
0.00528815
99.2719
0.125
2.40632
0.0644957
-1.40257
0.804933
-1.02722
-1.36892
-0.473236
-0.273325
0.113605
16.2793
-1.47375
28.8296
75.9701
46.671
-0.0970875
84.3457
-1.12356
95.6881
-0.315181
11.1428
-0.877252
-0.102455
0.104894
157.888
-0.761585
-1.34127
3.75173
-1.29593
-1.52414
-0.442341
-1.4907
-1.46517
-0.521306
19.4032
94.9568
-0.60421
-0.742338
47.9269
0.106787
22.9081
-1.47305
3.60777
101.063
0.0382012
-1.29881
128.485
0.124804
-1.35639
5.09428
-0.142706
-1.52637
-0.533788
0.108594
23.4855
70.7869
-1.51346
-1.46487
-0.670556
9.75916
-0.906663
1.48991
-1.14609
-1.25626
-1.26734
-1.14098
0.014246
45.3762
5.77376
-1.03686
-1.50509
-0.0928491
-0.669948
10.1396
0.0238239
-0.7607
-1.33916
8.59652
-0.567044
0.332217
0.0846419
1.05669
-1.16865
-1.04971
62.7123
-0.138393
-0.0161389
-1.52428
-1.19996
60.931
-0.369623
-1.44623
3.09313
-1.52506
-0.0779935
-0.959858
-1.4724
-1.44897
-0.161337
11.0787
333.841
-0.920511
-1.403
-1.44645
-0.375909
-1.26792
17.2252
-0.596108
0.381756
0.0163373
360.342
-0.730495
472.867
-0.189096
0.997735
-1.4819
-0.575221
-1.28277
88.3384
-0.175148
7.1701
-1.44476
-0.264152
-1.07917
0.12077
-1.1674
-1.41845
0.122027
-0.227494
-0.316665
1.94333
5.49449
5.0409
-1.0532
-0.514635
0.0222564
-0.428939
-0.110051
-1.1988
-0.164656
19.2535
0.0521612
0.424881
-0.275081
9.97394
-1.02028
-1.29764
0.111763
-1.51986
0.0703103
27.5209
-0.667147
122.087
-1.24609
-0.252744
-0.564442
0.0065439
2.92205
-0.737348
-0.449365
28.9434
50.3344
1.68033
18.2403
-0.0865467
-0.755704
0.114348
31.9637
-0.0424141
-1.46202
-0.46181
-1.34249
-0.0462781
78.0651
2.48435
5.33921
-1.4664
-0.919337
-0.712363
-0.879243
-1.47212
48.3511
3.8102
-0.935435
127.034
23.4687
-1.26783
-0.209041
-0.337522
-0.361686
0.0395784
-0.70156
-1.52709
7.63848
-0.899698
-0.92973
0.0961841
-0.669379
-1.38252
75.2413
-1.45723
-0.882522
-1.26724
0.124478
-0.219646
-0.748066
-0.22408
2.83901
88.7702
-0.398026
6.35984
0.105675
14.8151
-1.31235
1.42218
-1.42634
-0.059279
75.855
-0.276185
161.315
0.0110407
-0.796654
-0.284335
-0.756227
-0.779978
4.40323
-1.52164
-1.38518
-0.282113
-1.46446
-0.550685
1.31109
0.124387
-0.534273
-0.66482
-0.733237
-0.253468
-1.46472
-1.44625
194.813
-1.33916
0.0548441
-1.52638
88.1703
-0.92474
-0.00356211
-1.3359
4.93508
14.6042
-0.501281
-0.756126
-0.2882
-1.01648
27.9328
0.403404
-1.43351
77.0246
0.111149
0.0301875
-1.41216
-1.4499
4.35743
128.441
0.0932055
2.45464
73.5966
0.104478
-0.41229
-0.724785
43.3865
0.12352
143.109
4.97253
23.1949
-1.26497
8.69299
0.10717
-0.442482
89.8233
-0.455446
-1.30235
8.71015
0.0987876
8.69489
-1.05779
-1.41493
-0.715036
-1.28471
13.6892
3.8933
-1.48351
81.9048
7.28999
29.9947
0.1016
-1.01224
-0.043108
-1.37368
11.0244
27.4462
75.5182
-0.74758
6.30151
1.11239
-1.42362
70.2901
-1.12135
-0.787645
71.0888
5.99113
-0.694377
-0.0336976
-0.401356
-0.647352
5.14533
-1.28631
0.0226535
-1.46313
0.123623
58.2897
0.00774544
-1.35017
-1.03546
17.9304
-0.100231
-1.30534
24.697
-1.07046
0.106734
3.04865
-0.290037
1.16495
-1.39955
60.0852
-1.38391
-1.15594
6.29333
-1.1292
-0.849963
-1.16849
0.0943629
-1.23588
21.7182
24.1153
-1.3766
-0.425168
-1.33945
-0.546014
0.118173
23.9394
-0.265843
-0.573757
59.5395
20.9342
0.0284585
0.870454
43.6226
0.113613
4.25033
34.589
-0.79667
-1.46115
0.049248
-0.731449
0.641936
-0.015706
2.42564
-0.972583
-0.342369
2.88321
1.48096
-0.855494
-0.499981
-0.700702
39.8146
-0.00159295
0.124695
24.2943
368.899
-0.657318
-1.17713
3.61612
1.30702
0.123174
-0.641626
9.3012
9.4325
-1.34525
0.105679
7.5736
0.07546
-0.392096
0.0993773
0.0982872
148.92
0.00450726
-1.35115
-0.580765
40.5727
-1.26746
13.4717
138.023
-1.4881
-0.320882
14.4207
-0.745972
0.063661
-1.42836
0.118754
100.347
0.0813369
-0.834056
-0.268987
-0.133847
-1.38214
9.91708
-1.48268
-0.887699
0.00101658
0.0843659
20.4692
40.8881
2.61887
11.1161
-0.149761
-1.41877
3.40275
-1.09603
5.17004
45.8906
2.2839
4.16905
-1.07373
908.348
8.71125
-0.989376
2.20392
-1.35098
-0.788783
8.29731
1.77954
-0.196012
-1.34019
26.9792
0.0863002
-0.00258172
761.207
-1.39765
-0.835408
-0.957876
-0.150829
11.9494
0.229385
42.9629
-1.48002
-0.48289
5.67462
-0.280574
-0.135111
-1.4708
-0.228145
-0.827102
-1.48042
30.885
-0.493348
-1.43096
-0.851311
-1.51106
14.0229
-1.06891
-0.1053
-0.296379
-1.50461
1.46787
-0.925842
25.5064
0.0961915
-1.45501
0.0797661
0.0900826
192.876
-0.946922
0.104788
-0.699839
2.69687
-0.82004
0.691396
-0.758045
7.14767
10.1885
14.8748
0.0445057
-0.205314
-0.223501
39.7974
49.1164
0.122905
242.188
-0.573756
-1.20636
-0.333605
118.767
-0.297144
11.7042
-1.4011
-1.47271
-0.879045
0.118938
-0.302874
7.6036
-1.40561
13.0337
17.7217
28.8097
0.115229
68.1018
-0.390321
-1.23785
3.49831
1.36124
-1.46928
3.79074
-0.0514505
-0.719706
35.3611
-0.0537791
-0.888085
-1.42034
0.114569
55.3247
-0.278728
-1.16192
24.6211
-1.47371
10.3452
170.163
-0.665954
1.59636
23.2573
0.118082
0.0105627
12.2735
-0.255919
2.62409
7.75144
33.9401
-0.894724
-0.664241
0.596016
18.7281
59.0081
-1.40653
-0.85885
-1.3144
-1.16248
-1.52693
-0.85167
-1.28957
0.186087
-0.05319
-0.893875
0.0353437
-0.490673
-1.49359
-1.12487
-1.50605
-0.0243697
0.0290621
-1.33312
-1.32552
-0.334145
-0.0192016
77.4841
-1.11548
46.9646
-0.548722
-1.41737
-0.277127
-1.45038
2.01417
-0.602107
-1.47046
0.00345192
-0.254555
38.7414
-1.1325
-1.12935
3.38688
509.708
1.96155
19.5389
-1.23536
-0.416493
7.61748
-0.136221
0.117298
-1.47057
-1.44039
-0.40257
-1.37456
-1.31749
-1.39383
111.743
-0.906209
577.513
0.120907
-1.3086
28.9493
-1.44305
10.6211
8.92025
9.58915
0.124996
-0.439363
-1.03205
1.81412
-1.5181
0.0856986
18.3273
957.546
26.138
2.26455
-0.0826603
-1.37756
-1.15305
160.086
-0.32888
-1.45885
-0.271366
19.0577
-1.52428
0.0765696
-1.5055
-0.883325
-1.30904
-0.838384
-0.481433
-0.21639
-0.997693
0.230523
0.978389
-0.274857
4.36763
-1.10285
292.905
0.338477
-1.4961
-0.641825
-1.45814
-1.03279
-0.470057
26.4185
-0.87437
168.084
-1.45917
72.7945
-0.413096
-0.421719
-0.668276
33.1907
15.1765
0.116576
-1.17311
-1.45729
-0.425669
89.7817
-0.933424
0.851289
-1.38148
-1.33086
0.012367
-1.29601
14.7187
34.5145
-1.39247
12.2798
0.00292187
0.111352
-1.30232
0.122783
19.4071
-1.23205
-1.50955
-1.16844
60.662
0.124838
9.90442
41.0604
64.9868
-0.488663
31.2761
28.8952
0.120805
0.078673
7.35758
-0.179073
4.12511
-1.40913
78.537
0.0558433
-0.213598
13.8614
14.55
149.393
-0.0770365
41.2884
-1.2893
-1.3809
-1.36217
-1.14593
-0.697879
0.0793621
29.0715
-1.03016
-0.626891
18.6565
0.123195
-1.09527
-1.24557
-0.0549993
-1.23642
-1.35061
-1.47298
-1.0542
-0.691489
88.5559
-0.877016
8.97757
0.0321998
-1.52677
-1.37306
153.893
3.62939
-1.2865
306.168
-0.855169
21.7376
-0.231612
110.609
10.4641
-0.140915
-0.0362222
11.7534
0.0460087
22.2689
9.44286
-0.543678
-0.624735
22.0856
1.12788
45.2992
-1.0718
-0.979669
40.8771
30.63
20.9302
-0.000373169
15.6708
0.0952242
-1.28803
42.3335
18.8624
2.98761
-1.27639
0.0423599
11.7531
0.999733
-1.0164
-0.160557
-0.33281
0.0832068
14.0258
-0.453517
-1.46979
-0.173811
-0.177458
-1.19224
60.9945
-1.31361
1.12132
6.51946
-0.172929
24.178
-0.317913
11.9531
-0.54081
10.6791
106.982
14.943
-1.3609
66.7539
0.0792664
0.367092
-1.41244
1.8692
-1.28993
0.0501773
28.9029
0.0281002
-1.40146
-1.24585
-0.071517
-1.3345
-1.37612
-0.127331
11.5656
-1.38862
-1.05724
34.6315
1.61284
0.100937
-0.843437
-0.635251
2.99466
-0.0202518
-0.735324
-0.780671
-0.53025
-1.37748
-0.757273
-1.39141
0.0795465
2.74406
19.6421
-1.46472
-1.1574
-0.698777
2.44074
0.0729538
-1.27796
-1.31541
30.2955
-0.57141
-0.637521
2.49625
11.3331
-0.0188851
-1.41329
0.121629
-1.29372
0.124983
-1.09333
14.4213
-1.07842
17.656
45.7595
-1.26275
-0.330995
-1.36578
-1.38962
66.4523
-0.513327
311.15
44.5017
49.3047
-0.967084
116.374
-0.124338
-1.32062
25.3774
-1.52126
0.634213
24.785
122.415
-1.00747
-0.488246
0.114361
4.50751
-0.928657
0.0272914
-1.30271
-0.307976
-1.30819
241.957
-0.756989
0.0941294
-0.400644
-1.05589
18.7824
-0.707092
26.5126
4.01828
-0.890335
0.105825
96.3969
-0.816618
51.285
-0.85182
-0.657473
290.504
-1.14848
-1.1648
42.4265
-0.045082
-1.46185
3.50412
-0.652084
-0.956503
-1.46038
-0.251817
5.29578
0.115093
-0.693938
10.6701
0.390207
3.19252
-1.2998
2.60203
0.0225171
-0.22385
-0.338781
5.25104
-0.970417
-0.465607
-0.0189384
110.119
9.28312
-1.4528
-1.28242
6.38512
0.0298724
484.082
18.1827
4.17933
0.108152
4.72473
-0.1654
-1.19569
64.2791
-1.10507
20.8908
126.703
14.2058
-1.219
-1.45223
11.4218
-1.42161
-1.47527
-1.37532
29.7888
-1.04061
-0.701578
0.108201
0.117294
7.47014
-1.39337
2.45756
0.124777
6.19463
0.0953426
-0.52645
85.764
-0.947875
164.261
-0.566241
0.0380481
-0.0128924
48.0783
-0.966456
-1.4922
-1.45738
0.011356
-0.88426
-1.39836
71.6921
1.30368
7.89219
-0.0257149
-0.707345
100.819
-1.36174
0.665505
-1.48751
-1.07951
-0.825077
-1.0519
0.106693
-0.972967
0.0785778
0.0282941
-1.48174
-1.328
-0.65515
-1.27839
-1.27368
20.2651
5.47441
91.0084
-0.217506
-1.52378
3.23358
54.6206
37.3117
0.0709476
0.112579
2.60933
-1.37447
23.4658
1.3774
4.85915
8.05425
-0.21107
-0.127031
-1.25113
-1.46969
2.83731
-1.44219
-1.08125
-1.43695
-0.609384
62.1569
55.7932
-1.31729
8.23854
-1.33742
-1.4483
92.7999
-1.40284
-0.304216
-0.119915
-1.44419
-0.374137
3.3837
-1.29122
-0.469067
-1.15239
-0.590589
-1.30193
-1.17619
2.63346
190.621
-0.907709
2.78519
3.55561
-0.726572
-0.217732
-0.258176
-0.925364
-1.50651
0.124813
-0.746037
11.2086
18.331
0.119606
-0.06677
52.4312
-1.34916
-0.937701
-1.52577
0.0902285
-0.205969
10.2911
2.0348
-0.419648
31.6539
26.9372
115.298
42.6924
-1.18337
-0.903677
3.15532
-1.15238
0.112275
-1.43781
21.9571
28.0322
0.0197442
13.6442
-0.0487021
9.74688
-0.680255
-1.41124
-1.31038
77.1281
-1.38007
-0.302002
-1.22789
-1.39101
-0.115504
0.0808478
0.110993
83.7205
-0.871156
-1.01376
-1.34562
14.2441
0.123307
7.6484
0.0881405
7.31898
-0.686935
-0.593395
-1.44147
40.4043
0.0648427
-1.19522
-1.5012
1.79273
1.26915
82.6753
-0.384105
-0.73413
-1.28643
-1.33701
0.0712416
0.0608334
-1.23276
4.58752
-1.28111
-0.719477
14.4384
4.03052
264.23
15.823
16.1929
45.6463
-0.840343
0.0284758
-1.52476
216.994
-0.718938
47.3221
16.0069
4.29516
55.9305
-0.066461
27.5534
1.30411
0.675245
0.123649
18.2782
0.0554099
81.8322
-0.854856
14.0349
-0.911166
9.51503
-0.276152
38.7722
40.2919
-1.43871
-1.47363
76.258
15.0599
-1.35361
0.129302
-0.130307
31.7694
8.85846
1.68326
-0.193176
0.0440071
-0.642025
-0.945973
-0.72626
-1.02381
12.0781
-1.29589
-1.30341
34.9506
16.7807
-1.3382
-1.05844
9.84353
0.123891
48.3158
-0.592506
18.0862
372.77
7.57039
0.123166
-0.273155
3.17733
20.6191
163.257
0.405181
0.11845
-1.34417
0.297326
-0.258045
6.71512
-1.31573
-1.37189
-1.08511
-0.754991
-0.816092
0.194069
4.38587
-1.378
2.23827
6.41073
-1.36177
-1.07797
-0.503048
-1.44247
96.5379
-0.425491
0.124919
0.0984273
-0.715321
-0.372741
13.8122
-0.109975
-0.400104
0.0949753
-1.47151
1.52768
-1.26597
-0.790011
0.088953
118.509
14.2115
26.0893
31.8185
0.447526
3.39192
-0.969521
-0.0415628
-0.339057
-1.47
-1.04191
157.24
-0.524328
-0.639931
10.6527
2.47748
-1.26731
-1.09406
-0.716726
-0.299243
-0.304604
-0.708287
-1.20922
-0.394182
0.0709205
-0.510362
-1.22035
0.257055
-0.862837
0.0051492
34.1329
-1.3066
16.5365
-0.0568774
-0.887568
6.62813
-1.29913
13.4424
572.971
0.0999692
32.1585
19.8959
-1.29128
307.114
-1.14489
-0.984821
17.2068
6.56443
39.2228
21.6743
0.868088
-0.0365317
-1.43779
8.62956
26.2962
242.582
1.65597
-1.44367
-0.0505123
-0.537746
-0.733866
-0.89504
0.00651592
-1.09802
-0.158313
-0.863435
-1.5262
12.512
15.0326
-1.46745
3.53069
6.08193
0.122779
-0.099795
-1.0619
2.16948
-0.996713
-1.28851
15.6071
-1.4291
20.0762
32.8428
0.124288
15.9577
-0.0140791
0.00964316
4.23373
37.6727
0.0981139
0.10437
-1.37389
-1.13854
23.9331
-0.295775
0.123446
95.4222
0.0531228
8.11627
44.7069
-1.11617
0.123515
-0.560677
35.4563
0.0541715
1.27623
6.03492
-0.782116
363.517
0.12458
-0.841522
30.8821
-0.834083
228.036
5.50827
0.0565843
-0.968944
1.65328
3.47915
-1.48974
-1.46461
65.1191
0.0196018
0.294591
-0.934365
-1.03471
4.40091
-1.47397
-0.22463
68.5853
0.705205
0.443075
-1.02791
52.7381
3.81153
-0.322497
-0.765842
91.1985
24.8162
-0.28517
525.316
-0.696057
-0.507738
-0.495867
29.6503
0.0176263
239.417
-1.52078
-1.40867
258.871
-0.0236802
-1.10448
176.303
-1.23277
3.97598
-1.31337
-0.0175848
-0.908924
-0.510414
-0.16447
7.33119
-0.105456
-1.46956
-0.802246
190.385
-1.45397
-1.4162
14.2699
-0.605979
-0.271558
0.0544502
13.5126
1.08306
-1.41999
7.87101
5.16906
14.6806
-1.19194
60.014
-0.517096
-0.584605
-1.4715
-0.557257
-1.04617
0.0208435
-0.863866
0.102292
-0.0354826
-0.280419
-1.32387
-1.27262
-0.0498596
-1.40194
22.6318
-0.431226
-1.34048
-1.25207
0.695555
37.6432
1.8018
-0.780848
0.123337
0.110132
-1.47275
112.857
-0.766598
0.0836216
9.66838
-0.432986
-1.4629
-1.20262
-1.45065
0.739584
-1.4547
8.88915
34.2901
-0.42647
-1.51688
-1.34289
-1.41241
21.557
9.12407
0.113826
-1.47396
-1.01519
5.99947
-0.0801371
-0.276279
0.109012
7.91991
-0.105956
-0.029601
20.7967
32.8997
-1.39772
0.553242
-0.222547
0.120166
-1.06711
-1.38079
72.6522
28.5357
-0.24308
-1.52136
-1.46909
8.06787
9.13727
4.38169
22.4708
0.542179
-0.413106
-1.45093
-1.33055
157.782
46.4833
-0.213048
-0.556766
21.1224
-0.126941
45.7009
73.6649
-0.634167
6.50945
50.8851
-1.28383
75.2371
-0.874243
-0.997329
9.84178
19.342
-0.62246
1.16799
-0.753306
-1.32151
-1.30272
-0.952097
23.7739
-0.0501524
8.74229
-0.0415648
102.32
-1.37143
-1.50323
0.45747
-0.592274
-1.05135
0.1063
-0.853307
0.123244
51.3589
3.93499
0.0564809
62.1388
-0.973267
0.120938
3.24746
-0.618075
-1.22868
3.10273
-0.749984
-1.38252
33.8679
0.0603147
22.0982
-0.863172
-0.86593
-0.054632
-1.41928
-1.41158
28.2348
-0.28563
0.96829
26.9321
-1.5145
27.9358
10.1737
0.0864554
-0.743192
-0.891832
0.121707
-0.246046
-1.33818
158.624
-0.0678677
-0.315637
-0.569546
-0.772745
-0.259328
-0.648578
-0.999132
22.1937
-0.96905
3.22821
-0.700631
-1.07426
-0.556423
-1.2659
-0.096786
14.9045
-1.41636
0.0960445
12.0323
-0.361614
-1.26949
25.2733
-0.890723
-0.644296
0.167888
7.81165
-0.951458
172.745
51.3906
49.5761
43.1314
-1.23083
-0.925239
-1.33999
0.0964244
3.14691
-1.50625
0.11243
-1.32234
-1.04603
-1.47361
-0.260658
14.9182
8.40104
-0.510408
244.257
-1.14366
3.44512
6.93918
-0.529877
-1.09977
-1.41356
0.0783141
479.04
-1.45937
0.0492552
-0.792168
-0.714294
1.08469
-0.127789
-1.14949
10.0052
-0.0559728
1.20208
-1.4864
156.052
-1.39665
-1.08841
-0.219399
-0.821894
0.0918523
-1.34623
-0.368325
-1.33088
0.0491309
145.395
-0.0055535
-0.756227
-0.854264
-0.773637
3.13643
-0.159656
-1.4123
-0.302097
-0.0562181
2.55386
-0.572864
14.1419
-1.15494
-1.47559
-1.3251
9.74538
-0.248752
-0.607953
-0.86802
14.8783
-0.467541
5.65483
167.314
74.5443
-0.745119
-0.836314
-1.40163
1.00992
-1.03768
16.4551
12.0021
-1.15466
-0.615473
7.31181
-1.04679
5.0832
-0.781307
-0.692923
69.2591
13.3027
-0.447796
-1.36916
100.341
3.49026
-0.0480414
-0.200973
-0.885064
-0.938741
37.4276
-0.917942
4.49564
-1.43746
-0.108118
1.24492
17.3233
-0.972719
-0.421601
-1.45725
8.67449
7.70825
2.87599
-1.04528
39.4668
18.1615
-0.708689
-0.917025
51.3185
-1.42916
0.0921738
-0.345776
-0.276884
8.61509
-0.00514685
6.04546
-0.274251
-0.181425
-1.2122
-0.244071
1.68213
-0.0302207
23.076
-1.50557
-1.4696
-0.772885
-1.49302
-0.148787
-0.196961
-0.795685
-0.949258
11.5175
-0.405401
-1.01428
0.156006
-0.306564
-0.0560258
0.0261198
-0.456821
37.0825
41.377
106.886
72.8762
-1.13104
53.4452
0.124875
-1.46963
1.85339
-1.17891
34.4376
-1.31748
-0.391785
-0.303936
15.6912
-1.25255
-1.38437
-1.28072
-1.52539
-0.36364
-0.536636
0.944254
-0.110574
148.999
-1.45758
-0.10451
-1.42915
-0.305303
0.120522
-0.0479976
5.76661
-0.814605
8.41583
-0.364409
5.09546
23.6982
2.39587
0.124976
-0.623357
-0.408493
-0.0512485
-0.80213
2.95112
203.711
-1.29075
-0.264649
2.09624
-1.21719
54.5189
-1.48354
0.0912136
6.4773
-0.155376
0.378713
112.237
12.2038
2.81716
-0.366126
56.7979
0.965454
46.1823
0.0428717
-0.29309
18.3149
-0.194544
-0.67334
-0.267443
5.72765
0.0940229
0.1209
-0.212289
263.735
-1.04072
1.46055
-1.33374
5.29895
-0.335276
-1.28488
497.232
-1.05538
3.0312
-0.385407
-0.353266
16.234
-0.390673
153.223
-0.780059
-0.648642
7.61043
-1.25187
-0.525613
-0.711294
48.9663
10.2443
-0.393987
0.277479
-1.32911
-0.354561
41.4305
0.00367298
-1.52635
-1.07972
-0.2665
28.2973
-0.565311
50.202
0.0107581
0.0568394
10.3954
-1.09076
-0.111952
32.7095
17.039
-1.44318
-0.0463887
18.8539
-0.867111
0.0917448
93.5517
-1.17731
12.6862
-0.71714
-1.16175
-0.751123
63.7317
-1.01683
6.1808
2.615
1.03732
168.878
-1.16809
0.570041
244.474
0.0788338
-0.365341
-0.82225
-0.0397903
2.53506
-1.38005
-1.27688
-1.42792
-1.36319
12.6658
-0.425765
-1.19234
-0.0924603
0.109422
50.6829
-0.0461774
5.37565
-1.20178
-0.42004
-0.639789
22.367
0.0489557
0.0246498
-0.155756
-0.917755
3.04581
0.105699
41.5322
97.6304
1.07033
0.0314181
-0.222154
-1.45409
-1.00544
-0.95873
-0.832196
-0.455181
290.165
-1.16711
-1.05696
0.00387969
82.053
0.0627729
0.0230661
6.90783
26.3975
-0.39973
405.652
-0.0511591
-1.29255
-1.41485
-1.36519
4.18785
-1.23048
-0.0964856
-1.31579
2.89287
119.472
-0.0523044
333.592
-0.92794
-0.212551
-0.543038
6.05955
37.5175
2.6582
-0.1767
3.27733
77.6395
2.05223
1.072
7.62404
13.7995
511.827
25.2304
-0.123965
8.76166
35.2287
69.4325
9.29562
-0.620093
-1.06598
11.3828
99.7665
2.76329
-0.20588
0.708875
-1.42274
0.1216
-1.5136
2.10646
-1.47292
-0.224537
15.9146
212.908
112.48
44.5744
219.938
136.483
27.1018
50.1831
15.81
27.9782
6.63124
308.687
0.815066
5.87292
206.69
7.28596
3.6531
-1.23969
-1.39816
-0.222932
0.124531
-1.02507
48.317
-1.09788
0.289945
46.7249
48.8352
47.1165
-0.762885
-1.36404
-1.16205
-0.636801
-0.257215
0.12491
-0.330578
-0.384458
41.5629
2.31558
2.34571
0.118307
7.50963
-1.3555
-0.189475
-1.07559
0.108781
-1.51178
-1.42909
-1.19756
-0.340409
35.7742
-1.29014
-1.36558
18.0187
-0.544269
1.50761
-0.769182
-0.898297
121.564
212.496
-0.251351
-0.508034
5.18403
-0.91741
0.5246
6.97896
1.0343
8.13388
0.00528815
99.2719
0.125
2.40632
0.0644957
-1.40257
0.804933
-1.02722
-1.36892
-0.473236
-0.273325
0.113605
16.2793
-1.47375
28.8296
75.9701
46.671
-0.0970875
84.3457
-1.12356
95.6881
-0.315181
11.1428
-0.877252
-0.102455
0.104894
157.888
-0.761585
-1.34127
3.75173
-1.29593
-1.52414
-0.442341
-1.4907
-1.46517
-0.521306
19.4032
94.9568
-0.60421
-0.742338
47.9269
0.106787
22.9081
-1.47305
3.60777
101.063
0.0382012
-1.29881
128.485
0.124804
-1.35639
5.09428
-0.142706
-1.52637
-0.533788
0.108594
23.4855
70.7869
-1.51346
-1.46487
-0.670556
9.75916
-0.906663
1.48991
-1.14609
-1.25626
-1.26734
-1.14098
0.014246
45.3762
5.77376
-1.03686
-1.50509
-0.0928491
-0.669948
10.1396
0.0238239
-0.7607
-1.33916
8.59652
-0.567044
0.332217
0.0846419
1.05669
-1.16865
-1.04971
62.7123
-0.138393
-0.0161389
-1.52428
-1.19996
60.931
-0.369623
-1.44623
3.09313
-1.52506
-0.0779935
-0.959858
-1.4724
-1.44897
-0.161337
11.0787
333.841
-0.920511
-1.403
-1.44645
-0.375909
-1.26792
17.2252
-0.596108
0.381756
0.0163373
360.342
-0.730495
472.867
-0.189096
0.997735
-1.4819
-0.575221
-1.28277
88.3384
-0.175148
7.1701
-1.44476
-0.264152
-1.07917
0.12077
-1.1674
-1.41845
0.122027
-0.227494
-0.316665
1.94333
5.49449
5.0409
-1.0532
-0.514635
0.0222564
-0.428939
-0.110051
-1.1988
-0.164656
19.2535
0.0521612
0.424881
-0.275081
9.97394
-1.02028
-1.29764
0.111763
-1.51986
0.0703103
27.5209
-0.667147
122.087
-1.24609
-0.252744
-0.564442
0.0065439
2.92205
-0.737348
-0.449365
28.9434
50.3344
1.68033
18.2403
-0.0865467
-0.755704
0.114348
31.9637
-0.0424141
-1.46202
-0.46181
-1.34249
-0.0462781
78.0651
2.48435
5.33921
-1.4664
-0.919337
-0.712363
-0.879243
-1.47212
48.3511
3.8102
-0.935435
127.034
23.4687
-1.26783
-0.209041
-0.337522
-0.361686
0.0395784
-0.70156
-1.52709
7.63848
-0.899698
-0.92973
0.0961841
-0.669379
-1.38252
75.2413
-1.45723
-0.882522
-1.26724
0.124478
-0.219646
-0.748066
-0.22408
2.83901
88.7702
-0.398026
6.35984
0.105675
14.8151
-1.31235
1.42218
-1.42634
-0.059279
75.855
-0.276185
161.315
0.0110407
-0.796654
-0.284335
-0.756227
-0.779978
4.40323
-1.52164
-1.38518
-0.282113
-1.46446
-0.550685
1.31109
0.124387
-0.534273
-0.66482
-0.733237
-0.253468
-1.46472
-1.44625
194.813
-1.33916
0.0548441
-1.52638
88.1703
-0.92474
-0.00356211
-1.3359
4.93508
14.6042
-0.501281
-0.756126
-0.2882
-1.01648
27.9328
0.403404
-1.43351
77.0246
0.111149
0.0301875
-1.41216
-1.4499
4.35743
128.441
0.0932055
2.45464
73.5966
0.104478
-0.41229
-0.724785
43.3865
0.12352
143.109
4.97253
23.1949
-1.26497
8.69299
0.10717
-0.442482
89.8233
-0.455446
-1.30235
8.71015
0.0987876
8.69489
-1.05779
-1.41493
-0.715036
-1.28471
13.6892
3.8933
-1.48351
81.9048
7.28999
29.9947
0.1016
-1.01224
-0.043108
-1.37368
11.0244
27.4462
75.5182
-0.74758
6.30151
1.11239
-1.42362
70.2901
-1.12135
-0.787645
71.0888
5.99113
-0.694377
-0.0336976
-0.401356
-0.647352
5.14533
-1.28631
0.0226535
-1.46313
0.123623
58.2897
0.00774544
-1.35017
-1.03546
17.9304
-0.100231
-1.30534
24.697
-1.07046
0.106734
3.04865
-0.290037
1.16495
-1.39955
60.0852
-1.38391
-1.15594
6.29333
-1.1292
-0.849963
-1.16849
0.0943629
-1.23588
21.7182
24.1153
-1.3766
-0.425168
-1.33945
-0.546014
0.118173
23.9394
-0.265843
-0.573757
59.5395
20.9342
0.0284585
0.870454
43.6226
0.113613
4.25033
34.589
-0.79667
-1.46115
0.049248
-0.731449
0.641936
-0.015706
2.42564
-0.972583
-0.342369
2.88321
1.48096
-0.855494
-0.499981
-0.700702
39.8146
-0.00159295
0.124695
24.2943
368.899
-0.657318
-1.17713
3.61612
1.30702
0.123174
-0.641626
9.3012
9.4325
-1.34525
0.105679
7.5736
0.07546
-0.392096
0.0993773
0.0982872
148.92
0.00450726
-1.35115
-0.580765
40.5727
-1.26746
13.4717
138.023
-1.4881
-0.320882
14.4207
-0.745972
0.063661
-1.42836
0.118754
100.347
0.0813369
-0.834056
-0.268987
-0.133847
-1.38214
9.91708
-1.48268
-0.887699
0.00101658
0.0843659
20.4692
40.8881
2.61887
11.1161
-0.149761
-1.41877
3.40275
-1.09603
5.17004
45.8906
2.2839
4.16905
-1.07373
908.348
8.71125
-0.989376
2.20392
-1.35098
-0.788783
8.29731
1.77954
-0.196012
-1.34019
26.9792
0.0863002
-0.00258172
761.207
-1.39765
-0.835408
-0.957876
-0.150829
11.9494
0.229385
42.9629
-1.48002
-0.48289
5.67462
-0.280574
-0.135111
-1.4708
-0.228145
-0.827102
-1.48042
30.885
-0.493348
-1.43096
-0.851311
-1.51106
14.0229
-1.06891
-0.1053
-0.296379
-1.50461
1.46787
-0.925842
25.5064
0.0961915
-1.45501
0.0797661
0.0900826
192.876
-0.946922
0.104788
-0.699839
2.69687
-0.82004
0.691396
-0.758045
7.14767
10.1885
14.8748
0.0445057
-0.205314
-0.223501
39.7974
49.1164
0.122905
242.188
-0.573756
-1.20636
-0.333605
118.767
-0.297144
11.7042
-1.4011
-1.47271
-0.879045
0.118938
-0.302874
7.6036
-1.40561
13.0337
17.7217
28.8097
0.115229
68.1018
-0.390321
-1.23785
3.49831
1.36124
-1.46928
3.79074
-0.0514505
-0.719706
35.3611
-0.0537791
-0.888085
-1.42034
0.114569
55.3247
-0.278728
-1.16192
24.6211
-1.47371
10.3452
170.163
-0.665954
1.59636
23.2573
0.118082
0.0105627
12.2735
-0.255919
2.62409
7.75144
33.9401
-0.894724
-0.664241
0.596016
18.7281
59.0081
-1.40653
-0.85885
-1.3144
-1.16248
-1.52693
-0.85167
-1.28957
0.186087
-0.05319
-0.893875
0.0353437
-0.490673
-1.49359
-1.12487
-1.50605
-0.0243697
0.0290621
-1.33312
-1.32552
-0.334145
-0.0192016
77.4841
-1.11548
46.9646
-0.548722
-1.41737
-0.277127
-1.45038
2.01417
-0.602107
-1.47046
0.00345192
-0.254555
38.7414
-1.1325
-1.12935
3.38688
509.708
1.96155
19.5389
-1.23536
-0.416493
7.61748
-0.136221
0.117298
-1.47057
-1.44039
-0.40257
-1.37456
-1.31749
-1.39383
111.743
-0.906209
577.513
0.120907
-1.3086
28.9493
-1.44305
10.6211
8.92025
9.58915
0.124996
-0.439363
-1.03205
1.81412
-1.5181
0.0856986
18.3273
957.546
26.138
2.26455
-0.0826603
-1.37756
-1.15305
160.086
-0.32888
-1.45885
-0.271366
19.0577
-1.52428
0.0765696
-1.5055
-0.883325
-1.30904
-0.838384
-0.481433
-0.21639
-0.997693
0.230523
0.978389
-0.274857
4.36763
-1.10285
292.905
0.338477
-1.4961
-0.641825
-1.45814
-1.03279
-0.470057
26.4185
-0.87437
168.084
-1.45917
72.7945
-0.413096
-0.421719
-0.668276
33.1907
15.1765
0.116576
-1.17311
-1.45729
-0.425669
89.7817
-0.933424
0.851289
-1.38148
-1.33086
0.012367
-1.29601
14.7187
34.5145
-1.39247
12.2798
0.00292187
0.111352
-1.30232
0.122783
19.4071
-1.23205
-1.50955
-1.16844
60.662
0.124838
9.90442
41.0604
64.9868
-0.488663
31.2761
28.8952
0.120805
0.078673
7.35758
-0.179073
4.12511
-1.40913
78.537
0.0558433
-0.213598
13.8614
14.55
149.393
-0.0770365
41.2884
-1.2893
-1.3809
-1.36217
-1.14593
-0.697879
0.0793621
29.0715
-1.03016
-0.626891
18.6565
0.123195
-1.09527
-1.24557
-0.0549993
-1.23642
-1.35061
-1.47298
-1.0542
-0.691489
88.5559
-0.877016
8.97757
0.0321998
-1.52677
-1.37306
153.893
3.62939
-1.2865
306.168
-0.855169
21.7376
-0.231612
110.609
10.4641
-0.140915
-0.0362222
11.7534
0.0460087
22.2689
9.44286
-0.543678
-0.624735
22.0856
1.12788
45.2992
-1.0718
-0.979669
40.8771
30.63
20.9302
-0.000373169
15.6708
0.0952242
-1.28803
42.3335
18.8624
2.98761
-1.27639
0.0423599
11.7531
0.999733
-1.0164
-0.160557
-0.33281
0.0832068
14.0258
-0.453517
-1.46979
-0.173811
-0.177458
-1.19224
60.9945
-1.31361
1.12132
6.51946
-0.172929
24.178
-0.317913
11.9531
-0.54081
10.6791
106.982
14.943
-1.3609
66.7539
0.0792664
0.367092
-1.41244
1.8692
-1.28993
0.0501773
28.9029
0.0281002
-1.40146
-1.24585
-0.071517
-1.3345
-1.37612
-0.127331
11.5656
-1.38862
-1.05724
34.6315
1.61284
0.100937
-0.843437
-0.635251
2.99466
-0.0202518
-0.735324
-0.780671
-0.53025
-1.37748
-0.757273
-1.39141
0.0795465
2.74406
19.6421
-1.46472
-1.1574
-0.698777
2.44074
0.0729538
-1.27796
-1.31541
30.2955
-0.57141
-0.637521
2.49625
11.3331
-0.0188851
-1.41329
0.121629
-1.29372
0.124983
-1.09333
14.4213
-1.07842
17.656
45.7595
-1.26275
-0.330995
-1.36578
-1.38962
66.4523
-0.513327
311.15
44.5017
49.3047
-0.967084
116.374
-0.124338
-1.32062
25.3774
-1.52126
0.634213
24.785
122.415
-1.00747
-0.488246
0.114361
4.50751
-0.928657
0.0272914
-1.30271
-0.307976
-1.30819
241.957
-0.756989
0.0941294
-0.400644
-1.05589
18.7824
-0.707092
26.5126
4.01828
-0.890335
0.105825
96.3969
-0.816618
51.285
-0.85182
-0.657473
290.504
-1.14848
-1.1648
42.4265
-0.045082
-1.46185
3.50412
-0.652084
-0.956503
-1.46038
-0.251817
5.29578
0.115093
-0.693938
10.6701
0.390207
3.19252
-1.2998
2.60203
0.0225171
-0.22385
-0.338781
5.25104
-0.970417
-0.465607
-0.0189384
110.119
9.28312
-1.4528
-1.28242
6.38512
0.0298724
484.082
18.1827
4.17933
0.108152
4.72473
-0.1654
-1.19569
64.2791
-1.10507
20.8908
126.703
14.2058
-1.219
-1.45223
11.4218
-1.42161
-1.47527
-1.37532
29.7888
-1.04061
-0.701578
0.108201
0.117294
7.47014
-1.39337
2.45756
0.124777
6.19463
0.0953426
-0.52645
85.764
-0.947875
164.261
-0.566241
0.0380481
-0.0128924
48.0783
-0.966456
-1.4922
-1.45738
0.011356
-0.88426
-1.39836
71.6921
1.30368
7.89219
-0.0257149
-0.707345
100.819
-1.36174
0.665505
-1.48751
-1.07951
-0.825077
-1.0519
0.106693
-0.972967
0.0785778
0.0282941
-1.48174
-1.328
-0.65515
-1.27839
-1.27368
20.2651
5.47441
91.0084
-0.217506
-1.52378
3.23358
54.6206
37.3117
0.0709476
0.112579
2.60933
-1.37447
23.4658
1.3774
4.85915
8.05425
-0.21107
-0.127031
-1.25113
-1.46969
2.83731
-1.44219
-1.08125
-1.43695
-0.609384
62.1569
55.7932
-1.31729
8.23854
-1.33742
-1.4483
92.7999
-1.40284
-0.304216
-0.119915
-1.44419
-0.374137
3.3837
-1.29122
-0.469067
-1.15239
-0.590589
-1.30193
-1.17619
2.63346
190.621
-0.907709
2.78519
3.55561
-0.726572
-0.217732
-0.258176
-0.925364
-1.50651
0.124813
-0.746037
11.2086
18.331
0.119606
-0.06677
52.4312
-1.34916
-0.937701
-1.52577
0.0902285
-0.205969
10.2911
2.0348
-0.419648
31.6539
26.9372
115.298
42.6924
-1.18337
-0.903677
3.15532
-1.15238
0.112275
-1.43781
21.9571
28.0322
0.0197442
13.6442
-0.0487021
9.74688
-0.680255
-1.41124
-1.31038
77.1281
-1.38007
-0.302002
-1.22789
-1.39101
-0.115504
0.0808478
0.110993
83.7205
-0.871156
-1.01376
-1.34562
14.2441
0.123307
7.6484
0.0881405
7.31898
-0.686935
-0.593395
-1.44147
40.4043
0.0648427
-1.19522
-1.5012
1.79273
1.26915
82.6753
-0.384105
-0.73413
-1.28643
-1.33701
0.0712416
0.0608334
-1.23276
4.58752
-1.28111
-0.719477
14.4384
4.03052
264.23
15.823
16.1929
45.6463
-0.840343
0.0284758
-1.52476
216.994
-0.718938
47.3221
16.0069
4.29516
55.9305
-0.066461
27.5534
1.30411
0.675245
0.123649
18.2782
0.0554099
81.8322
-0.854856
14.0349
-0.911166
9.51503
-0.276152
38.7722
40.2919
-1.43871
-1.47363
76.258
15.0599
-1.35361
0.129302
-0.130307
31.7694
8.85846
1.68326
-0.193176
0.0440071
-0.642025
-0.945973
-0.72626
-1.02381
12.0781
-1.29589
-1.30341
34.9506
16.7807
-1.3382
-1.05844
9.84353
0.123891
48.3158
-0.592506
18.0862
372.77
7.57039
0.123166
-0.273155
3.17733
20.6191
163.257
0.405181
0.11845
-1.34417
0.297326
-0.258045
6.71512
-1.31573
-1.37189
-1.08511
-0.754991
-0.816092
0.194069
4.38587
-1.378
2.23827
6.41073
-1.36177
-1.07797
-0.503048
-1.44247
96.5379
-0.425491
0.124919
0.0984273
-0.715321
-0.372741
13.8122
-0.109975
-0.400104
0.0949753
-1.47151
1.52768
-1.26597
-0.790011
0.088953
118.509
14.2115
26.0893
31.8185
0.447526
3.39192
-0.969521
-0.0415628
-0.339057
-1.47
-1.04191
157.24
-0.524328
-0.639931
10.6527
2.47748
-1.26731
-1.09406
-0.716726
-0.299243
-0.304604
-0.708287
-1.20922
-0.394182
0.0709205
-0.510362
-1.22035
0.257055
-0.862837
0.0051492
34.1329
-1.3066
16.5365
-0.0568774
-0.887568
6.62813
-1.29913
13.4424
572.971
0.0999692
32.1585
19.8959
-1.29128
307.114
-1.14489
-0.984821
17.2068
6.56443
39.2228
21.6743
0.868088
-0.0365317
-1.43779
8.62956
26.2962
242.582
1.65597
-1.44367
-0.0505123
-0.537746
-0.733866
-0.89504
0.00651592
-1.09802
-0.158313
-0.863435
-1.5262
12.512
15.0326
-1.46745
3.53069
6.08193
0.122779
-0.099795
-1.0619
2.16948
-0.996713
-1.28851
15.6071
-1.4291
20.0762
32.8428
0.124288
15.9577
-0.0140791
0.00964316
4.23373
37.6727
0.0981139
0.10437
-1.37389
-1.13854
23.9331
-0.295775
0.123446
95.4222
0.0531228
8.11627
44.7069
-1.11617
0.123515
-0.560677
35.4563
0.0541715
1.27623
6.03492
-0.782116
363.517
0.12458
-0.841522
30.8821
-0.834083
228.036
5.50827
0.0565843
-0.968944
1.65328
3.47915
-1.48974
-1.46461
65.1191
0.0196018
0.294591
-0.934365
-1.03471
4.40091
-1.47397
-0.22463
68.5853
0.705205
0.443075
-1.02791
52.7381
3.81153
-0.322497
-0.765842
91.1985
24.8162
-0.28517
525.316
-0.696057
-0.507738
-0.495867
29.6503
0.0176263
239.417
-1.52078
-1.40867
258.871
-0.0236802
-1.10448
176.303
-1.23277
3.97598
-1.31337
-0.0175848
-0.908924
-0.510414
-0.16447
7.33119
-0.105456
-1.46956
-0.802246
190.385
-1.45397
-1.4162
14.2699
-0.605979
-0.271558
0.0544502
13.5126
1.08306
-1.41999
7.87101
5.16906
14.6806
-1.19194
60.014
-0.517096
-0.584605
-1.4715
-0.557257
-1.04617
0.0208435
-0.863866
0.102292
-0.0354826
-0.280419
-1.32387
-1.27262
-0.0498596
-1.40194
22.6318
-0.431226
-1.34048
-1.25207
0.695555
37.6432
1.8018
-0.780848
0.123337
0.110132
-1.47275
112.857
-0.766598
0.0836216
9.66838
-0.432986
-1.4629
-1.20262
-1.45065
0.739584
-1.4547
8.88915
34.2901
-0.42647
-1.51688
-1.34289
-1.41241
21.557
9.12407
0.113826
-1.47396
-1.01519
5.99947
-0.0801371
-0.276279
0.109012
7.91991
-0.105956
-0.029601
20.7967
32.8997
-1.39772
0.553242
-0.222547
0.120166
-1.06711
-1.38079
72.6522
28.5357
-0.24308
-1.52136
-1.46909
8.06787
9.13727
4.38169
22.4708
0.542179
-0.413106
-1.45093
-1.33055
157.782
46.4833
-0.213048
-0.556766
21.1224
-0.126941
45.7009
73.6649
-0.634167
6.50945
50.8851
-1.28383
75.2371
-0.874243
-0.997329
9.84178
19.342
-0.62246
1.16799
-0.753306
-1.32151
-1.30272
-0.952097
23.7739
-0.0501524
8.74229
-0.0415648
102.32
-1.37143
-1.50323
0.45747
-0.592274
-1.05135
0.1063
-0.853307
0.123244
51.3589
3.93499
0.0564809
62.1388
-0.973267
0.120938
3.24746
-0.618075
-1.22868
3.10273
-0.749984
-1.38252
33.8679
0.0603147
22.0982
-0.863172
-0.86593
-0.054632
-1.41928
-1.41158
28.2348
-0.28563
0.96829
26.9321
-1.5145
27.9358
10.1737
0.0864554
-0.743192
-0.891832
0.121707
-0.246046
-1.33818
158.624
-0.0678677
-0.315637
-0.569546
-0.772745
-0.259328
-0.648578
-0.999132
22.1937
-0.96905
3.22821
-0.700631
-1.07426
-0.556423
-1.2659
-0.096786
14.9045
-1.41636
0.0960445
12.0323
-0.361614
-1.26949
25.2733
-0.890723
-0.644296
0.167888
7.81165
-0.951458
172.745
51.3906
49.5761
43.1314
-1.23083
-0.925239
-1.33999
0.0964244
3.14691
-1.50625
0.11243
-1.32234
-1.04603
-1.47361
-0.260658
14.9182
8.40104
-0.510408
244.257
-1.14366
3.44512
6.93918
-0.529877
-1.09977
-1.41356
0.0783141
479.04
-1.45937
0.0492552
-0.792168
-0.714294
1.08469
-0.127789
-1.14949
10.0052
-0.0559728
1.20208
-1.4864
156.052
-1.39665
-1.08841
-0.219399
-0.821894
0.0918523
-1.34623
-0.368325
-1.33088
0.0491309
145.395
-0.0055535
-0.756227
-0.854264
-0.773637
3.13643
-0.159656
-1.4123
-0.302097
-0.0562181
2.55386
-0.572864
14.1419
-1.15494
-1.47559
-1.3251
9.74538
-0.248752
-0.607953
-0.86802
14.8783
-0.467541
5.65483
167.314
74.5443
-0.745119
-0.836314
