[rho, [E_tot], [E_kin], [E_pot], [virial], [Temp], [P], time]
0.05	1.70053	0.00257939	1.77989	0.00336069	-0.0793512	0.0007813	-0.416724	0.0701445	1.18659	0.00224046	0.0528523	0.00116908	0.025
0.05	1.70143	0.00173758	1.78117	0.00232424	-0.0797356	0.000592633	-0.414711	0.040548	1.18744	0.00154949	0.0528859	0.0006758	0.0375
0.05	1.70476	0.00355133	1.78566	0.00478159	-0.0808939	0.00123173	-0.458021	0.051941	1.19044	0.00318773	0.0521641	0.000865683	0.05
0.05	1.70838	0.00454879	1.79049	0.00608825	-0.0821032	0.00154036	-0.504545	0.0615076	1.19366	0.00405883	0.0513887	0.00102513	0.0625
0.05	1.71065	0.0043514	1.79348	0.00580335	-0.0828305	0.00145287	-0.522569	0.0533573	1.19565	0.0038689	0.0510883	0.000889288	0.075
0.05	1.71075	0.00367883	1.79357	0.00490544	-0.0828192	0.00122795	-0.497148	0.051767	1.19571	0.00327029	0.0515119	0.000862783	0.0875
0.05	1.70859	0.00384931	1.79064	0.00515577	-0.0820581	0.00130774	-0.429154	0.0814432	1.19376	0.00343718	0.0526452	0.00135739	0.1
0.05	1.70499	0.00494226	1.78584	0.00661729	-0.0808423	0.0016758	-0.338051	0.116012	1.19056	0.00441153	0.0541636	0.00193353	0.1125
0.05	1.70157	0.0055907	1.78129	0.00746573	-0.0797146	0.00187571	-0.257227	0.131528	1.18752	0.00497715	0.0555106	0.00219213	0.125
0.05	1.69963	0.00541752	1.77872	0.00722258	-0.0790962	0.00180584	-0.212433	0.127125	1.18582	0.00481505	0.0562572	0.00211874	0.1375
0.05	1.6993	0.00495648	1.77831	0.00660633	-0.0790108	0.00165071	-0.206016	0.116226	1.18554	0.00440422	0.0563641	0.00193709	0.15
0.05	1.69999	0.00461118	1.77924	0.00614825	-0.0792547	0.00153789	-0.226109	0.108784	1.18616	0.00409884	0.0560293	0.00181306	0.1625
0.05	1.70112	0.00441618	1.78076	0.00588977	-0.0796374	0.00147433	-0.260464	0.106412	1.18717	0.00392651	0.0554567	0.00177354	0.175
0.05	1.70232	0.00428318	1.78236	0.00571251	-0.0800387	0.00142999	-0.300446	0.106828	1.18824	0.00380834	0.0547903	0.00178047	0.1875
0.05	1.70339	0.00414697	1.78378	0.00553025	-0.0803934	0.00138388	-0.340672	0.107722	1.18919	0.00368683	0.0541199	0.00179536	0.2
0.05	1.70424	0.00398807	1.78492	0.00531771	-0.0806756	0.0013302	-0.378314	0.107962	1.18995	0.00354514	0.0534925	0.00179936	0.2125
0.05	1.70488	0.00381405	1.78577	0.00508525	-0.0808864	0.00127172	-0.412469	0.107365	1.19051	0.00339017	0.0529232	0.00178941	0.225
0.05	1.70536	0.00363918	1.78641	0.00485187	-0.0810438	0.00121318	-0.443489	0.106189	1.19094	0.00323458	0.0524063	0.00176981	0.2375
0.05	1.70575	0.00347382	1.78692	0.00463131	-0.0811713	0.00115796	-0.472267	0.104769	1.19128	0.00308754	0.0519266	0.00174615	0.25
0.05	1.7061	0.00332326	1.78739	0.00443061	-0.0812896	0.00110778	-0.499677	0.103356	1.19159	0.00295374	0.0514698	0.00172261	0.2625
0.05	1.70647	0.00319009	1.78789	0.00425315	-0.0814136	0.00106348	-0.526308	0.102081	1.19192	0.00283543	0.0510259	0.00170136	0.275
0.05	1.70688	0.00307556	1.78843	0.00410058	-0.0815508	0.00102541	-0.552363	0.100962	1.19229	0.00273372	0.0505917	0.0016827	0.2875
0.05	1.70733	0.00297915	1.78904	0.00397217	-0.0817024	0.000993385	-0.577635	0.0999126	1.19269	0.00264811	0.0501705	0.00166521	0.3
0.05	1.70781	0.00289779	1.78968	0.00386375	-0.0818633	0.000966312	-0.601563	0.098775	1.19312	0.00257584	0.0497717	0.00164625	0.3125
0.05	1.7083	0.00282651	1.79033	0.0037687	-0.0820258	0.000942518	-0.623417	0.0973837	1.19355	0.00251247	0.0494075	0.00162306	0.325
0.05	1.70878	0.00276072	1.79096	0.0036809	-0.0821832	0.000920494	-0.642531	0.0956371	1.19397	0.00245393	0.0490889	0.00159395	0.3375
0.05	1.70922	0.00269783	1.79156	0.00359694	-0.082332	0.000899412	-0.658451	0.0935232	1.19437	0.00239796	0.0488235	0.00155872	0.35
0.05	1.70964	0.00263636	1.79211	0.00351486	-0.0824703	0.000878781	-0.670828	0.0910854	1.19474	0.00234324	0.0486173	0.00151809	0.3625
0.05	1.71001	0.00257291	1.7926	0.00343005	-0.0825902	0.000857409	-0.67905	0.0883802	1.19506	0.0022867	0.0484802	0.001473	0.375
0.05	1.71026	0.00250142	1.79293	0.00333443	-0.0826716	0.000833276	-0.681895	0.085529	1.19529	0.00222295	0.0484328	0.00142548	0.3875
0.05	1.7103	0.00242225	1.79297	0.00322882	-0.0826778	0.00080684	-0.67739	0.0829356	1.19532	0.00215255	0.0485079	0.00138226	0.4
0.05	1.70995	0.00237234	1.79251	0.00316359	-0.0825553	0.000791553	-0.662962	0.0816677	1.19501	0.00210906	0.0487484	0.00136113	0.4125
0.05	1.70914	0.00244162	1.79141	0.00325857	-0.0822757	0.000817242	-0.637951	0.0830832	1.19428	0.00217238	0.0491652	0.00138472	0.425
0.05	1.70816	0.00256633	1.79011	0.00342376	-0.0819502	0.000857702	-0.609611	0.0855076	1.1934	0.00228251	0.0496376	0.00142513	0.4375
0.05	1.70753	0.00257053	1.78928	0.00342729	-0.0817508	0.000857042	-0.588418	0.0857581	1.19286	0.00228486	0.0499908	0.0014293	0.45
0.05	1.70733	0.00250823	1.78902	0.00334382	-0.0816886	0.00083588	-0.575795	0.084358	1.19268	0.00222922	0.0502012	0.00140597	0.4625
0.05	1.7073	0.0024415	1.78898	0.00325485	-0.0816797	0.000813634	-0.567488	0.0825272	1.19266	0.0021699	0.0503396	0.00137545	0.475
0.05	1.70725	0.00237864	1.78891	0.0031711	-0.0816606	0.000792728	-0.559991	0.0807321	1.19261	0.00211406	0.0504646	0.00134554	0.4875
0.05	1.70709	0.00232417	1.78869	0.00309864	-0.0816038	0.000774742	-0.551786	0.0791146	1.19246	0.00206576	0.0506013	0.00131858	0.5
0.05	1.70683	0.00228176	1.78834	0.00304222	-0.0815156	0.00076073	-0.543337	0.077622	1.19223	0.00202815	0.0507421	0.0012937	0.5125
0.05	1.70659	0.00223943	1.78803	0.00298559	-0.0814382	0.000746422	-0.537111	0.0760067	1.19202	0.0019904	0.0508459	0.00126678	0.525
0.05	1.70653	0.00218762	1.78795	0.00291641	-0.0814214	0.000729051	-0.535902	0.0742279	1.19197	0.00194427	0.050866	0.00123713	0.5375
0.05	1.70668	0.00214278	1.78816	0.00285688	-0.0814757	0.000714357	-0.54013	0.0726445	1.1921	0.00190459	0.0507956	0.00121074	0.55
0.05	1.70696	0.00211311	1.78853	0.00281748	-0.0815699	0.000704623	-0.547649	0.0714088	1.19235	0.00187832	0.0506703	0.00119015	0.5625
0.05	1.70723	0.002084	1.78888	0.0027785	-0.0816579	0.000694739	-0.555319	0.070259	1.19259	0.00185233	0.0505424	0.00117098	0.575
0.05	1.70734	0.00204235	1.78903	0.00272274	-0.0816917	0.000680636	-0.55987	0.0688984	1.19269	0.00181516	0.0504666	0.00114831	0.5875
0.05	1.70715	0.00200877	1.78877	0.00267864	-0.0816202	0.000670137	-0.558102	0.0674709	1.19251	0.00178576	0.050496	0.00112451	0.6
0.05	1.70655	0.0020556	1.78797	0.002743	-0.0814149	0.000687676	-0.548495	0.0667744	1.19198	0.00182867	0.0506562	0.00111291	0.6125
0.05	1.70571	0.0021808	1.78685	0.0029102	-0.0811349	0.000729643	-0.534667	0.0668704	1.19123	0.00194013	0.0508866	0.00111451	0.625
0.05	1.70496	0.00226646	1.78585	0.00302314	-0.080887	0.000756917	-0.523009	0.0665749	1.19057	0.00201543	0.0510809	0.00110958	0.6375
0.05	1.70441	0.00229001	1.78511	0.00305374	-0.0807061	0.000763962	-0.515953	0.0656623	1.19008	0.00203583	0.0511985	0.00109437	0.65
0.05	1.70399	0.00228482	1.78456	0.00304653	-0.0805685	0.000761936	-0.512527	0.0645025	1.18971	0.00203102	0.0512556	0.00107504	0.6625
0.05	1.70363	0.00227155	1.78407	0.00302876	-0.0804475	0.00075742	-0.511369	0.0633073	1.18938	0.00201917	0.0512749	0.00105512	0.675
0.05	1.70329	0.00225513	1.78363	0.00300674	-0.0803361	0.000751819	-0.512104	0.06215	1.18908	0.00200449	0.0512627	0.00103583	0.6875
0.05	1.70302	0.00223071	1.78327	0.00297396	-0.0802485	0.000743454	-0.515453	0.0611219	1.18885	0.00198264	0.0512069	0.0010187	0.7
0.05	1.70287	0.00219661	1.78307	0.00292833	-0.0801996	0.000731926	-0.522118	0.0604088	1.18871	0.00195222	0.0510958	0.00100681	0.7125
0.05	1.70283	0.00215878	1.78302	0.00287787	-0.080188	0.00071929	-0.531787	0.0601404	1.18868	0.00191858	0.0509346	0.00100234	0.725
0.05	1.70286	0.00212212	1.78306	0.00282901	-0.0801997	0.00070709	-0.543375	0.0602375	1.18871	0.00188601	0.0507415	0.00100396	0.7375
0.05	1.70292	0.00208735	1.78314	0.00278266	-0.0802203	0.000695512	-0.555699	0.0604937	1.18876	0.00185511	0.0505361	0.00100823	0.75
0.05	1.70298	0.00205369	1.78322	0.00273779	-0.0802399	0.000684294	-0.56781	0.060714	1.18881	0.0018252	0.0503342	0.0010119	0.7625
0.05	1.70302	0.00202069	1.78327	0.00269379	-0.0802527	0.000673289	-0.57904	0.0607732	1.18885	0.00179586	0.0501471	0.00101289	0.775
0.05	1.70303	0.0019884	1.78329	0.00265074	-0.0802569	0.000662529	-0.588974	0.0606203	1.18886	0.00176716	0.0499815	0.00101034	0.7875
0.05	1.70302	0.00195711	1.78328	0.00260903	-0.0802533	0.000652104	-0.597428	0.0602616	1.18885	0.00173935	0.0498406	0.00100436	0.8
0.05	1.703	0.00192694	1.78324	0.00256881	-0.0802447	0.000642052	-0.604357	0.0597304	1.18883	0.00171254	0.0497251	0.000995507	0.8125
0.05	1.70296	0.00189791	1.78319	0.00253011	-0.0802317	0.000632382	-0.609662	0.0590572	1.18879	0.00168674	0.0496367	0.000984287	0.825
0.05	1.70289	0.00187047	1.7831	0.00249356	-0.0802096	0.000623263	-0.612972	0.0582632	1.18874	0.00166237	0.0495815	0.000971053	0.8375
0.05	1.70277	0.00184689	1.78294	0.00246221	-0.0801672	0.000615496	-0.613631	0.0574038	1.18863	0.00164147	0.0495706	0.000956729	0.85
0.05	1.70255	0.00183275	1.78265	0.00244358	-0.0800933	0.000610995	-0.6111	0.0566223	1.18843	0.00162905	0.0496127	0.000943705	0.8625
0.05	1.70225	0.00183241	1.78224	0.00244332	-0.0799895	0.000611079	-0.605656	0.0560725	1.18816	0.00162888	0.0497035	0.000934541	0.875
0.05	1.7019	0.00183901	1.78178	0.00245211	-0.0798747	0.000613256	-0.598629	0.0557218	1.18785	0.00163474	0.0498206	0.000928697	0.8875
0.05	1.70159	0.00183936	1.78137	0.00245235	-0.0797731	0.000613147	-0.591703	0.0553773	1.18758	0.0016349	0.049936	0.000922955	0.9
0.05	1.70137	0.00182723	1.78108	0.00243595	-0.0797019	0.000608872	-0.586129	0.0548972	1.18738	0.00162396	0.0500289	0.000914954	0.9125
0.05	1.70126	0.0018058	1.78093	0.00240726	-0.0796667	0.000601615	-0.582436	0.0542761	1.18729	0.00160484	0.0500905	0.000904601	0.925
0.05	1.70125	0.00178164	1.78091	0.00237503	-0.0796628	0.000593552	-0.580437	0.0535848	1.18727	0.00158335	0.0501238	0.00089308	0.9375
0.05	1.70129	0.00175853	1.78097	0.00234424	-0.0796773	0.00058587	-0.579397	0.0528853	1.18731	0.00156283	0.0501411	0.000881421	0.95
0.05	1.70133	0.00173613	1.78103	0.00231437	-0.0796919	0.000578396	-0.578208	0.0522074	1.18735	0.00154291	0.0501609	0.000870124	0.9625
0.05	1.70131	0.00171383	1.781	0.00228466	-0.079684	0.000570987	-0.575546	0.0516025	1.18733	0.00152311	0.0502053	0.000860041	0.975
0.05	1.70116	0.00169872	1.78079	0.00226478	-0.0796308	0.000566214	-0.570191	0.0512258	1.1872	0.00150985	0.0502946	0.000853763	0.9875
0.05	1.70084	0.00170759	1.78037	0.00227715	-0.0795213	0.000569717	-0.561752	0.0512805	1.18691	0.0015181	0.0504352	0.000854675	1
0.05	1.7004	0.00174268	1.77978	0.00232415	-0.0793739	0.000581622	-0.551659	0.0516395	1.18652	0.00154944	0.0506034	0.000860658	1.0125
0.05	1.69999	0.00177017	1.77923	0.0023603	-0.0792383	0.00059028	-0.543123	0.0517151	1.18615	0.00157353	0.0507457	0.000861918	1.025
0.05	1.69974	0.00176706	1.77889	0.00235566	-0.0791571	0.000588756	-0.53889	0.0512633	1.18593	0.00157044	0.0508162	0.000854388	1.0375
0.05	1.69965	0.00174789	1.77879	0.00232998	-0.0791319	0.000582248	-0.539252	0.0506506	1.18586	0.00155332	0.0508102	0.000844177	1.05
0.05	1.69967	0.00172729	1.77881	0.00230254	-0.0791391	0.000575402	-0.542847	0.0501801	1.18587	0.00153503	0.0507503	0.000836336	1.0625
0.05	1.69972	0.00170771	1.77887	0.00227644	-0.0791546	0.000568885	-0.548118	0.0498725	1.18591	0.00151763	0.0506624	0.000831209	1.075
0.05	1.69974	0.00168813	1.7789	0.00225034	-0.0791619	0.000562355	-0.553817	0.0496243	1.18594	0.00150023	0.0505675	0.000827071	1.0875
0.05	1.69971	0.00166922	1.77885	0.00222516	-0.0791489	0.000556081	-0.558953	0.0493252	1.1859	0.00148344	0.0504819	0.000822087	1.1
0.05	1.69958	0.00165509	1.77869	0.00220644	-0.0791056	0.000551499	-0.562718	0.048913	1.18579	0.00147096	0.0504191	0.000815216	1.1125
0.05	1.69935	0.00165311	1.77837	0.00220406	-0.0790261	0.000551092	-0.564618	0.0484037	1.18558	0.00146937	0.0503874	0.000806729	1.125
0.05	1.69902	0.00166831	1.77793	0.00222456	-0.0789141	0.000556398	-0.564789	0.0478692	1.18529	0.00148304	0.0503846	0.000797819	1.1375
0.05	1.69863	0.0016949	1.77741	0.00226004	-0.0787849	0.00056528	-0.564111	0.0473509	1.18494	0.00150669	0.0503959	0.000789181	1.15
0.05	1.69824	0.00172007	1.7769	0.00229344	-0.0786575	0.000573498	-0.563699	0.0468407	1.1846	0.00152896	0.0504028	0.000780679	1.1625
0.05	1.6979	0.00173628	1.77644	0.00231484	-0.0785436	0.000578691	-0.564258	0.0463431	1.18429	0.00154323	0.0503934	0.000772386	1.175
0.05	1.6976	0.00174339	1.77605	0.00232415	-0.0784456	0.000580888	-0.565935	0.0458834	1.18403	0.00154943	0.0503655	0.000764723	1.1875
0.05	1.69735	0.00174393	1.77571	0.00232475	-0.0783613	0.000580948	-0.568556	0.0454785	1.18381	0.00154984	0.0503218	0.000757974	1.2
0.05	1.69712	0.00174025	1.77541	0.00231976	-0.0782876	0.000579637	-0.571838	0.0451267	1.18361	0.00154651	0.0502671	0.000752111	1.2125
0.05	1.69692	0.00173397	1.77514	0.00231133	-0.0782215	0.000577485	-0.575481	0.0448122	1.18343	0.00154089	0.0502064	0.000746869	1.225
0.05	1.69674	0.0017262	1.7749	0.00230094	-0.0781606	0.000574859	-0.579184	0.0445115	1.18327	0.00153396	0.0501447	0.000741859	1.2375
0.05	1.69656	0.00171781	1.77467	0.00228973	-0.0781025	0.000572041	-0.582637	0.0441993	1.18311	0.00152649	0.0500871	0.000736654	1.25
0.05	1.69639	0.00170998	1.77443	0.0022793	-0.0780433	0.000569434	-0.585436	0.0438489	1.18295	0.00151953	0.0500405	0.000730815	1.2625
0.05	1.69618	0.00170586	1.77415	0.00227389	-0.0779733	0.000568152	-0.586875	0.0434407	1.18277	0.00151593	0.0500165	0.000724012	1.275
0.05	1.69588	0.00171493	1.77375	0.00228635	-0.0778727	0.000571533	-0.585762	0.0430313	1.1825	0.00152423	0.050035	0.000717188	1.2875
0.05	1.69544	0.00175506	1.77316	0.00234047	-0.0777228	0.000585518	-0.581125	0.042867	1.18211	0.00156031	0.0501123	0.000714451	1.3
0.05	1.6949	0.00182018	1.77244	0.00242731	-0.0775427	0.000607231	-0.574201	0.0430176	1.18163	0.0016182	0.0502277	0.00071696	1.3125
0.05	1.69441	0.00186828	1.77179	0.00249086	-0.0773816	0.000622687	-0.567942	0.0430672	1.18119	0.00166058	0.050332	0.000717786	1.325
0.05	1.69404	0.00188789	1.7713	0.00251655	-0.0772597	0.000628774	-0.563732	0.0428699	1.18086	0.0016777	0.0504022	0.000714499	1.3375
0.05	1.69377	0.00188942	1.77094	0.00251834	-0.0771723	0.00062902	-0.561498	0.0425299	1.18063	0.00167889	0.0504394	0.000708831	1.35
0.05	1.6936	0.00187983	1.77072	0.00250537	-0.0771172	0.000625652	-0.561156	0.0421393	1.18048	0.00167025	0.0504451	0.000702321	1.3625
0.05	1.69353	0.00186403	1.77062	0.00248424	-0.0770954	0.000620322	-0.562692	0.0417827	1.18041	0.00165616	0.0504195	0.000696378	1.375
0.05	1.69354	0.00184724	1.77065	0.00246188	-0.0771028	0.000614752	-0.565727	0.0415156	1.18043	0.00164126	0.050369	0.000691926	1.3875
0.05	1.69362	0.00183236	1.77075	0.0024421	-0.0771301	0.000609848	-0.569508	0.0413166	1.1805	0.00162807	0.0503059	0.000688611	1.4
0.05	1.69373	0.00181923	1.7709	0.00242463	-0.0771662	0.000605505	-0.573138	0.0411099	1.1806	0.00161642	0.0502454	0.000685165	1.4125
0.05	1.69383	0.00180588	1.77103	0.00240682	-0.0771986	0.000601046	-0.575611	0.0408227	1.18068	0.00160455	0.0502042	0.000680378	1.425
0.05	1.69387	0.00179049	1.77107	0.00238628	-0.0772094	0.000595895	-0.575664	0.0404662	1.18072	0.00159085	0.0502033	0.000674437	1.4375
0.05	1.69376	0.00177796	1.77093	0.00236977	-0.0771721	0.000591917	-0.571694	0.0403118	1.18062	0.00157984	0.0502695	0.000671864	1.45
0.05	1.69345	0.00179028	1.77051	0.00238685	-0.0770641	0.000596683	-0.562576	0.0409926	1.18034	0.00159123	0.0504215	0.00068321	1.4625
0.05	1.69299	0.0018336	1.7699	0.00244478	-0.0769102	0.000611299	-0.550004	0.0425439	1.17993	0.00162986	0.050631	0.000709065	1.475
0.05	1.69257	0.00186534	1.76935	0.00248662	-0.0767734	0.000621395	-0.537887	0.0438905	1.17956	0.00165775	0.0508329	0.000731508	1.4875
0.05	1.69228	0.00187281	1.76896	0.00249625	-0.0766779	0.000623551	-0.528037	0.044624	1.1793	0.00166417	0.0509971	0.000743733	1.5
0.05	1.69209	0.00186717	1.7687	0.00248856	-0.0766155	0.00062151	-0.520343	0.0449174	1.17914	0.00165904	0.0511253	0.000748624	1.5125
0.05	1.69197	0.00185547	1.76855	0.00247291	-0.0765779	0.000617543	-0.514515	0.0449275	1.17903	0.0016486	0.0512225	0.000748791	1.525
0.05	1.69191	0.00184136	1.76847	0.00245407	-0.0765582	0.000612817	-0.510259	0.0447634	1.17898	0.00163605	0.0512934	0.000746057	1.5375
0.05	1.69189	0.00182659	1.76844	0.00243437	-0.0765516	0.000607891	-0.507329	0.0444975	1.17896	0.00162291	0.0513423	0.000741626	1.55
0.05	1.6919	0.00181196	1.76845	0.00241487	-0.0765562	0.000603026	-0.505615	0.0441734	1.17897	0.00160991	0.0513708	0.000736223	1.5625
0.05	1.69194	0.001798	1.76851	0.00239629	-0.0765707	0.000598396	-0.504998	0.0438258	1.17901	0.00159753	0.0513811	0.000730429	1.575
0.05	1.692	0.00178479	1.76859	0.00237869	-0.0765909	0.00059401	-0.505192	0.0434797	1.17906	0.0015858	0.0513779	0.000724662	1.5875
0.05	1.69206	0.0017719	1.76867	0.00236152	-0.0766119	0.000589724	-0.505851	0.0431437	1.17912	0.00157435	0.0513669	0.000719062	1.6
0.05	1.69213	0.00175924	1.76876	0.00234465	-0.076633	0.000585514	-0.506865	0.04282	1.17917	0.0015631	0.05135	0.000713667	1.6125
0.05	1.6922	0.00174727	1.76886	0.00232872	-0.0766584	0.000581551	-0.508385	0.0425165	1.17924	0.00155248	0.0513246	0.000708609	1.625
0.05	1.6923	0.00173652	1.76899	0.00231441	-0.0766907	0.000577996	-0.510447	0.0422411	1.17932	0.00154294	0.0512903	0.000704018	1.6375
0.05	1.6924	0.00172655	1.76913	0.00230113	-0.076726	0.000574684	-0.512728	0.0419819	1.17942	0.00153408	0.0512523	0.000699698	1.65
0.05	1.6925	0.00171613	1.76925	0.00228723	-0.0767572	0.000571202	-0.514719	0.0417125	1.1795	0.00152482	0.0512191	0.000695209	1.6625
0.05	1.69257	0.00170464	1.76934	0.0022719	-0.0767795	0.000567361	-0.516031	0.0414209	1.17956	0.0015146	0.0511972	0.000690348	1.675
0.05	1.69261	0.00169244	1.7694	0.00225563	-0.0767924	0.000563291	-0.516544	0.0411161	1.1796	0.00150375	0.0511887	0.000685268	1.6875
0.05	1.69262	0.00167999	1.76941	0.00223904	-0.076796	0.000559145	-0.516189	0.0408142	1.17961	0.00149269	0.0511946	0.000680237	1.7
0.05	1.69258	0.00166811	1.76936	0.00222323	-0.0767822	0.000555221	-0.514497	0.0405505	1.17957	0.00148215	0.0512228	0.000675842	1.7125
0.05	1.69245	0.00166086	1.76919	0.0022137	-0.0767381	0.00055294	-0.510841	0.0404212	1.17946	0.0014758	0.0512837	0.000673687	1.725
0.05	1.69228	0.00165792	1.76896	0.00220972	-0.076681	0.000551909	-0.506298	0.0403858	1.17931	0.00147315	0.0513594	0.000673096	1.7375
0.05	1.6922	0.00164786	1.76886	0.0021962	-0.0766578	0.000548446	-0.50354	0.040191	1.17924	0.00146413	0.0514054	0.00066985	1.75
0.05	1.69226	0.00163716	1.76894	0.00218201	-0.0766791	0.00054496	-0.503208	0.0399063	1.17929	0.00145468	0.0514109	0.000665105	1.7625
0.05	1.69239	0.00163047	1.76911	0.00217314	-0.0767216	0.000542775	-0.503942	0.0396311	1.17941	0.00144876	0.0513987	0.000660518	1.775
0.05	1.6925	0.00162317	1.76926	0.00216335	-0.0767593	0.000540285	-0.50414	0.0393535	1.17951	0.00144223	0.0513954	0.000655891	1.7875
0.05	1.69254	0.00161223	1.76931	0.00214873	-0.0767689	0.000536607	-0.50237	0.0391193	1.17954	0.00143249	0.0514249	0.000651988	1.8
0.05	1.69245	0.00160317	1.76919	0.00213675	-0.0767398	0.000533687	-0.498027	0.0390905	1.17946	0.0014245	0.0514973	0.000651509	1.8125
0.05	1.69233	0.00159724	1.76903	0.00212882	-0.0766977	0.00053169	-0.492579	0.0392023	1.17935	0.00141922	0.0515881	0.000653371	1.825
0.05	1.69226	0.00158759	1.76894	0.00211591	-0.0766781	0.000528425	-0.48805	0.0391972	1.1793	0.0014106	0.0516636	0.000653287	1.8375
0.05	1.69226	0.00157684	1.76893	0.00210158	-0.0766761	0.000524846	-0.484236	0.0391179	1.17929	0.00140105	0.0517271	0.000651964	1.85
0.05	1.69221	0.00156699	1.76887	0.00208852	-0.0766579	0.000521632	-0.47931	0.0391654	1.17924	0.00139234	0.0518092	0.000652757	1.8625
0.05	1.69203	0.00156632	1.76863	0.00208789	-0.0765972	0.000521682	-0.471941	0.0395953	1.17909	0.00139193	0.0519321	0.000659921	1.875
0.05	1.69179	0.00157483	1.76831	0.0020992	-0.0765164	0.000524484	-0.463526	0.0402222	1.17887	0.00139947	0.0520723	0.000670371	1.8875
0.05	1.69164	0.00157165	1.76811	0.00209473	-0.0764687	0.000523193	-0.457184	0.040457	1.17874	0.00139649	0.052178	0.000674283	1.9
0.05	1.69163	0.00156136	1.7681	0.00208101	-0.0764685	0.000519762	-0.453844	0.0403302	1.17873	0.00138734	0.0522337	0.000672169	1.9125
0.05	1.69171	0.00155294	1.7682	0.00206981	-0.0764936	0.000516987	-0.452335	0.0400958	1.1788	0.00137987	0.0522588	0.000668264	1.925
0.05	1.69179	0.00154497	1.76831	0.00205916	-0.0765198	0.000514308	-0.451237	0.0398514	1.17887	0.00137277	0.0522771	0.000664191	1.9375
0.05	1.69182	0.00153548	1.76836	0.00204649	-0.0765311	0.000511126	-0.44959	0.0396294	1.1789	0.00136433	0.0523046	0.00066049	1.95
0.05	1.69181	0.00152574	1.76834	0.00203351	-0.0765256	0.00050789	-0.447247	0.0394458	1.17889	0.00135568	0.0523436	0.00065743	1.9625
0.05	1.69178	0.00151631	1.7683	0.00202095	-0.0765163	0.000504752	-0.444928	0.0392639	1.17887	0.0013473	0.0523823	0.000654399	1.975
0.05	1.69177	0.00150677	1.76829	0.00200823	-0.0765138	0.000501573	-0.443251	0.0390522	1.17886	0.00133882	0.0524102	0.00065087	1.9875
0.05	1.69178	0.00149734	1.7683	0.00199566	-0.0765161	0.000498433	-0.442118	0.0388239	1.17886	0.00133044	0.0524291	0.000647065	2
0.05	1.69179	0.00148802	1.7683	0.00198324	-0.0765177	0.000495331	-0.441238	0.038592	1.17887	0.00132216	0.0524438	0.000643201	2.0125
0.05	1.69178	0.00147881	1.7683	0.00197096	-0.0765172	0.000492264	-0.440503	0.0383601	1.17887	0.00131397	0.052456	0.000639335	2.025
0.05	1.69177	0.00146977	1.76828	0.00195892	-0.0765121	0.000489261	-0.439771	0.0381311	1.17886	0.00130595	0.0524682	0.000635518	2.0375
0.05	1.69174	0.00146121	1.76824	0.00194753	-0.0764998	0.000486423	-0.438911	0.0379076	1.17882	0.00129835	0.0524826	0.000631794	2.05
0.05	1.69169	0.00145293	1.76818	0.00193649	-0.076486	0.000483662	-0.438256	0.0376829	1.17879	0.00129099	0.0524935	0.000628048	2.0625
0.05	1.69169	0.00144417	1.76817	0.0019248	-0.0764848	0.000480741	-0.438589	0.0374567	1.17878	0.0012832	0.0524879	0.000624278	2.075
0.05	1.69174	0.00143637	1.76824	0.00191443	-0.0765023	0.000478173	-0.440216	0.0372672	1.17883	0.00127629	0.0524608	0.00062112	2.0875
0.05	1.69181	0.0014298	1.76834	0.00190568	-0.0765274	0.000475983	-0.442466	0.037113	1.17889	0.00127045	0.0524233	0.00061855	2.1
0.05	1.69186	0.00142211	1.7684	0.00189539	-0.0765422	0.00047339	-0.444271	0.0369368	1.17893	0.00126359	0.0523932	0.000615614	2.1125
0.05	1.69186	0.00141372	1.7684	0.00188422	-0.07654	0.000470603	-0.445226	0.0367313	1.17893	0.00125615	0.0523773	0.000612189	2.125
0.05	1.69184	0.00140549	1.76838	0.00187324	-0.0765361	0.000467859	-0.446169	0.0365281	1.17892	0.00124883	0.0523616	0.000608801	2.1375
0.05	1.69187	0.00139763	1.76842	0.00186278	-0.0765471	0.000465261	-0.448023	0.0363624	1.17895	0.00124186	0.0523307	0.00060604	2.15
0.05	1.69195	0.00139149	1.76852	0.00185463	-0.0765722	0.000463243	-0.450738	0.0362533	1.17901	0.00123642	0.0522854	0.000604222	2.1625
0.05	1.69204	0.00138657	1.76864	0.00184807	-0.0766031	0.00046161	-0.453807	0.0361748	1.1791	0.00123205	0.0522343	0.000602914	2.175
0.05	1.69213	0.00138182	1.76877	0.00184174	-0.0766343	0.000460024	-0.456845	0.0360956	1.17918	0.00122783	0.0521837	0.000601594	2.1875
0.05	1.69222	0.00137694	1.76889	0.00183523	-0.0766645	0.000458396	-0.4597	0.0360033	1.17926	0.00122349	0.0521361	0.000600055	2.2
0.05	1.69232	0.00137224	1.76901	0.00182897	-0.0766953	0.000456836	-0.462396	0.0359007	1.17934	0.00121931	0.0520911	0.000598345	2.2125
0.05	1.69242	0.00136826	1.76915	0.00182369	-0.0767292	0.000455527	-0.465014	0.0357943	1.17943	0.00121579	0.0520475	0.000596572	2.225
0.05	1.69253	0.00136532	1.7693	0.00181978	-0.0767671	0.000454563	-0.467542	0.0356835	1.17953	0.00121318	0.0520054	0.000594724	2.2375
0.05	1.69265	0.00136307	1.76946	0.00181678	-0.0768074	0.000453817	-0.469823	0.0355579	1.17964	0.00121119	0.0519674	0.000592631	2.25
0.05	1.69277	0.00136058	1.76962	0.00181345	-0.0768462	0.000452973	-0.471597	0.0354054	1.17974	0.00120897	0.0519378	0.000590089	2.2625
0.05	1.69287	0.00135686	1.76975	0.00180846	-0.0768795	0.000451704	-0.47259	0.0352243	1.17983	0.00120564	0.0519212	0.000587071	2.275
0.05	1.69294	0.00135145	1.76985	0.00180123	-0.0769036	0.000449873	-0.472598	0.0350313	1.1799	0.00120082	0.0519211	0.000583854	2.2875
0.05	1.69299	0.00134477	1.76991	0.00179231	-0.0769173	0.000447634	-0.471604	0.0348545	1.17994	0.00119487	0.0519377	0.000580909	2.3
0.05	1.69301	0.00133768	1.76994	0.00178285	-0.0769246	0.000445268	-0.46991	0.034707	1.17996	0.00118856	0.0519659	0.00057845	2.3125
0.05	1.69304	0.00133072	1.76997	0.00177358	-0.0769335	0.000442956	-0.468077	0.0345685	1.17998	0.00118238	0.0519965	0.000576142	2.325
0.05	1.69309	0.00132458	1.77004	0.00176542	-0.0769512	0.000440936	-0.466623	0.0344139	1.18003	0.00117695	0.0520207	0.000573565	2.3375
0.05	1.69317	0.00132035	1.77015	0.00175982	-0.0769806	0.000439567	-0.465797	0.0342403	1.1801	0.00117321	0.0520345	0.000570672	2.35
0.05	1.69329	0.00131874	1.77031	0.00175773	-0.0770208	0.000439085	-0.465604	0.0340592	1.18021	0.00117182	0.0520377	0.000567653	2.3625
0.05	1.69344	0.00132	1.77051	0.00175947	-0.0770703	0.000439563	-0.465962	0.0338814	1.18034	0.00117298	0.0520317	0.000564689	2.375
0.05	1.69362	0.00132463	1.77074	0.00176571	-0.077129	0.000441179	-0.466846	0.0337151	1.1805	0.00117714	0.052017	0.000561918	2.3875
0.05	1.69382	0.00133366	1.77102	0.00177784	-0.0771981	0.000444281	-0.468267	0.0335691	1.18068	0.00118523	0.0519933	0.000559486	2.4
0.05	1.69405	0.00134716	1.77133	0.00179592	-0.0772764	0.00044885	-0.470081	0.033444	1.18089	0.00119728	0.0519631	0.000557399	2.4125
0.05	1.6943	0.00136242	1.77166	0.00181626	-0.077358	0.000453932	-0.471871	0.0333192	1.18111	0.00121084	0.0519332	0.00055532	2.425
0.05	1.69453	0.00137491	1.77196	0.00183283	-0.0774344	0.000458013	-0.473066	0.0331695	1.18131	0.00122189	0.0519133	0.000552824	2.4375
0.05	1.69472	0.0013815	1.77222	0.00184151	-0.0774981	0.000460101	-0.473186	0.033	1.18148	0.00122767	0.0519113	0.00055	2.45
0.05	1.69487	0.00138209	1.77241	0.00184222	-0.0775456	0.00046021	-0.47201	0.0328531	1.18161	0.00122814	0.0519309	0.000547552	2.4625
0.05	1.69496	0.00137829	1.77254	0.00183708	-0.0775759	0.000458886	-0.46954	0.03278	1.18169	0.00122472	0.0519721	0.000546334	2.475
0.05	1.69502	0.00137235	1.77261	0.00182916	-0.077593	0.000456894	-0.466099	0.0327959	1.18174	0.00121944	0.0520294	0.000546599	2.4875
0.05	1.69506	0.00136616	1.77267	0.00182091	-0.0776076	0.000454837	-0.46243	0.0328371	1.18178	0.00121394	0.0520906	0.000547285	2.5
