-0.120461 0.573399 -0.810372 
-0.0416928 1.1272 -1.63929 
-0.429717 2.03739 -1.78417 
-0.0942534 1.23745 -2.28172 
-0.838734 0.570663 -2.31561 
-1.33785 -0.270952 -2.10931 
-0.697786 0.23434 -2.68809 
-0.503347 -0.742821 -2.77383 
-1.1292 -1.49203 -2.55706 
-1.51143 -2.40233 -2.3981 
-0.622812 -2.11209 -2.75323 
0.0287966 -1.38941 -2.5227 
0.99301 -1.57494 -2.3333 
1.76502 -0.945446 -2.42125 
2.60519 -1.48457 -2.48004 
2.21956 -0.56909 -2.3652 
2.11939 0.405766 -2.56425 
1.19876 0.251557 -2.20556 
0.364643 0.756375 -2.42784 
1.0467 0.724379 -1.69724 
1.1285 1.47431 -2.35368 
0.40304 1.09416 -1.77993 
-0.514288 0.704317 -1.69911 
-0.758612 1.62181 -1.38526 
-1.32719 0.843081 -1.12012 
-1.26438 -0.0416438 -1.58198 
-1.75278 0.827219 -1.50107 
-2.64589 1.19402 -1.76146 
-1.89272 0.548674 -1.88898 
-1.7068 0.224642 -0.961381 
-2.4342 0.905245 -0.873743 
-2.46874 -0.0272372 -0.514181 
-1.60307 -0.0870096 -0.0171367 
-2.43705 -0.399015 -0.472252 
-3.28381 -0.85596 -0.199839 
-3.70123 -0.206247 -0.835158 
-3.88003 0.19592 -1.73309 
-3.98469 0.392188 -2.70804 
-3.85461 0.867937 -3.57795 
-4.19865 0.240182 -2.87969 
-3.2247 0.0207401 -2.82244 
-2.82286 0.153598 -1.91642 
-3.77784 0.302661 -2.17293 
-4.43803 0.130346 -2.90399 
-4.26667 -0.271138 -3.80368 
-5.22673 -0.12363 -3.5659 
-4.91632 0.770976 -3.24445 
-5.3548 0.713074 -2.34758 
-6.27498 0.89632 -2.00162 
-6.21337 1.89003 -2.09514 
-6.45489 0.976367 -1.7682 
-5.64465 1.04502 -1.18613 
-6.14489 0.775053 -2.00886 
-5.25539 0.800834 -1.55264 
-5.12127 1.68117 -1.09765 
-4.15337 1.93124 -1.0725 
-3.77992 2.67398 -1.62827 
-3.62875 2.93106 -0.67378 
-3.75371 3.90408 -0.479828 
-3.01575 4.09201 0.168313 
-3.12497 3.16908 -0.200824 
-3.12003 2.90292 -1.16474 
-3.91858 2.30808 -1.25683 
-3.62303 1.83299 -2.08565 
-4.57453 2.01023 -1.83419 
-5.45608 2.40226 -2.09722 
-5.86128 1.87612 -2.84487 
-6.1242 2.55375 -3.53167 
-6.0129 3.52421 -3.7457 
-5.6153 3.08895 -4.55345 
-6.61078 3.04014 -4.6349 
-6.11539 2.81207 -3.7967 
-6.85033 2.57869 -3.15999 
-6.58526 1.6172 -3.23265 
-7.23533 1.08104 -3.77111 
-7.61574 2.00359 -3.83579 
-7.01224 2.3022 -4.57512 
-7.24429 3.27487 -4.56701 
-7.74132 3.88629 -5.18273 
-7.79311 4.62686 -4.51276 
-7.65047 5.60558 -4.66028 
-7.7155 6.19869 -3.85779 
-8.01392 7.12403 -4.09164 
-7.4212 6.85367 -3.33297 
-6.53679 6.96461 -2.87962 
-6.3841 5.97791 -2.8239 
-5.75227 5.30667 -3.21151 
-6.49699 5.48725 -2.56903 
-5.78135 6.11887 -2.27085 
-6.64708 5.94064 -2.73855 
-6.65821 4.99012 -2.42807 
-6.70653 5.94173 -2.12458 
-6.6286 6.34171 -1.21138 
-5.96251 7.08692 -1.24273 
-5.48404 6.42478 -1.81947 
-5.10177 5.66066 -2.33909 
-5.85244 6.19091 -2.73321 
-6.79793 6.51657 -2.73257 
-6.22902 7.08471 -3.32718 
-7.09204 6.68815 -3.64014 
-7.65425 5.89334 -3.41167 
-7.79849 6.81179 -3.04337 
-7.60626 6.24534 -3.84474 
-8.53318 6.37781 -4.19583 
-8.24093 6.97744 -4.94083 
-8.49704 6.0976 -5.3412 
-8.9363 5.47017 -5.98415 
-9.61707 5.03456 -5.39525 
-9.3682 5.09 -4.4283 
-9.66839 5.10646 -5.38203 
-8.84807 4.87433 -5.90471 
-8.59053 5.50893 -5.17604 
-8.86426 5.83016 -4.26947 
-8.83396 4.96214 -3.77386 
-9.12595 4.04621 -3.49849 
-8.54784 3.55038 -2.85047 
-7.62747 3.33675 -3.17802 
-7.86505 3.55807 -2.2322 
-8.51556 2.80297 -2.31385 
-7.70052 2.52223 -1.807 
-7.111 3.14202 -1.28899 
-7.84168 3.69128 -0.883504 
-8.3342 4.16215 -1.61543 
-7.99764 3.23086 -1.75483 
-7.41159 3.39413 -0.961177 
-7.25476 3.08943 -0.0217259 
-6.72363 3.87931 0.284874 
-5.82826 3.46971 0.459619 
-5.75848 4.37846 0.871077 
-4.86534 4.70508 0.561849 
-4.19512 4.00908 0.30417 
-4.99699 4.39055 0.764051 
-4.79028 3.47095 1.09814 
-5.67307 3.33123 0.649634 
-5.82778 4.03861 -0.0400625 
-5.08184 3.51344 -0.449682 
-4.94331 3.85598 0.479552 
-4.30311 3.16295 0.148122 
-3.37785 3.4609 0.382887 
-4.29595 3.82488 0.226047 
-5.21824 3.43838 0.225098 
-6.19464 3.61867 0.106159 
-5.68054 3.02667 0.726833 
-6.26151 2.4152 0.189636 
-5.84312 2.93898 -0.552399 
-5.55677 2.08441 -0.985652 
-4.55822 2.03632 -1.00982 
-4.30257 1.15216 -1.40085 
-4.19193 0.298752 -1.91022 
-3.912 -0.628699 -1.66228 
-4.72613 -0.0871541 -1.87187 
-4.48045 0.856983 -2.09152 
-4.29961 -0.0783473 -1.78746 
-3.37804 -0.338454 -2.07566 
-3.03685 -0.388407 -3.01432 
-2.98022 -0.819189 -2.11364 
-2.0882 -0.443023 -1.86304 
-1.36763 -1.07229 -1.57183 
-1.39866 -1.51531 -0.675861 
-0.878308 -2.36905 -0.656992 
-1.55391 -1.71532 -0.316096 
-1.58303 -1.18473 0.531029 
-2.02161 -2.06788 0.697442 
-2.02065 -1.2455 1.26639 
-1.55009 -0.426739 1.59531 
-1.92746 -0.61575 0.688744 
-2.0036 -1.1529 -0.151297 
-1.34946 -1.06483 0.599934 
-0.720341 -1.23846 1.3576 
0.00622305 -0.552383 1.39501 
-0.382985 0.368763 1.39232 
-0.0597416 0.0074094 2.26692 
0.697526 -0.586379 2.53888 
0.802647 -0.124986 1.65794 
1.22615 -1.00539 1.44454 
2.08448 -0.620051 1.10575 
1.71309 -0.605629 0.177392 
1.54645 0.376387 0.08866 
1.15011 -0.531118 0.227783 
0.958165 -0.702104 1.19418 
1.25468 -1.64942 1.31532 
1.7029 -1.38331 0.461918 
2.01634 -0.461663 0.690662 
2.15394 -0.488849 1.68078 
1.93836 0.447741 1.40451 
2.86924 0.811684 1.37281 
1.94341 0.444862 1.28187 
1.40808 -0.371235 1.49961 
1.09234 0.576103 1.44612 
1.76366 1.21557 1.82084 
2.28497 2.04982 2.00045 
1.55033 1.7421 2.60511 
2.29938 2.34512 2.33073 
2.14707 3.09093 2.97924 
1.27137 3.42658 2.63213 
2.10916 3.9661 2.54836 
2.61819 4.7134 2.97547 
2.02739 5.42423 2.59381 
1.68875 6.36378 2.54308 
1.58407 7.35569 2.61496 
0.742012 7.19823 2.09907 
0.038523 6.80474 2.69091 
0.0358744 6.13757 1.94601 
-0.645263 6.26578 2.66685 
-1.41851 5.84546 3.14164 
-1.4663 5.0005 2.60895 
-0.867091 5.74667 2.89909 
-1.3228 5.00712 3.39446 
-1.2173 5.99312 3.52358 
-2.05465 6.53218 3.43271 
-2.03856 6.76613 4.40482 
-1.79827 7.02964 3.47057 
-1.80537 6.06069 3.71774 
-0.961485 6.32499 4.18465 
-1.12532 5.66899 3.44789 
-1.98402 5.16364 3.36261 
-2.59554 5.65711 2.74412 
-2.84495 4.90093 3.34909 
-3.54745 5.49223 3.74513 
-2.91139 6.24714 3.90495 
-3.47386 7.05535 3.73049 
-3.94389 6.18975 3.55782 
-3.23004 6.83668 3.82598 
-2.38274 7.35128 3.69459 
-2.09701 8.16419 3.1871 
-1.32672 8.41253 3.77445 
-0.909459 9.31554 3.67219 
-1.22667 9.56759 2.75794 
-1.88978 9.60257 3.50564 
-2.42398 9.96231 2.74065 
-3.32928 9.54806 2.64672 
-3.49541 8.89133 3.38232 
-4.18657 8.34523 2.90896 
-4.83965 7.68676 2.53491 
-4.94293 7.72469 1.54098 
-4.70149 6.89104 2.0377 
-5.45308 7.52551 2.21813 
-5.20584 8.49258 2.15773 
-5.3706 8.86511 3.071 
-4.81556 8.93761 2.24235 
-4.76963 9.01425 1.24635 
-5.13055 9.11718 0.319452 
-4.82235 9.72881 -0.409193 
-3.95541 9.23219 -0.366987 
-3.11562 9.72019 -0.604917 
-3.33974 10.5795 -1.06473 
-2.83983 11.4452 -1.04128 
-3.47444 11.6706 -1.78051 
-4.46469 11.5594 -1.86437 
-5.12572 12.032 -1.28154 
-4.3301 12.275 -1.83645 
-4.51796 11.3021 -1.97098 
-4.89191 10.4152 -1.69949 
-4.8034 9.78911 -2.47417 
-4.3104 9.3146 -3.20341 
-4.87027 8.59189 -3.60865 
-5.44476 7.8211 -3.88406 
-6.23534 7.2116 -3.82497 
-7.06044 6.84754 -3.39291 
-6.33415 6.18684 -3.5826 
-5.81616 6.76737 -2.95438 
-5.50302 5.99869 -2.39663 
-5.19346 5.14429 -1.97929 
-4.32591 5.58591 -1.75055 
-4.15295 6.55797 -1.59182 
-3.58312 6.74026 -0.790537 
-4.24938 7.147 -0.165518 
-5.05007 6.63455 -0.475833 
-4.5063 5.96013 0.0236369 
-4.60074 4.96467 0.0357198 
-4.45361 4.39234 0.842436 
-4.72352 3.89488 0.0180055 
-4.73822 3.04828 0.550034 
-5.19548 3.79069 0.0604019 
-5.73157 3.97079 -0.764326 
-6.64738 3.58964 -0.890879 
-6.11044 4.43325 -0.886785 
-6.59197 4.49212 -0.0123344 
-5.75798 4.05835 0.3287 
-5.90686 3.20695 -0.174241 
-4.99861 3.38063 0.20643 
-4.50385 2.64501 -0.256246 
-4.18511 3.57783 -0.088153 
-3.61176 3.5764 0.731161 
-3.14338 4.3328 1.18775 
-3.89794 4.98868 1.16632 
-4.28389 4.06859 1.2333 
-4.72504 3.18927 1.05391 
-5.11833 2.33855 1.40261 
-5.93881 2.58115 1.92027 
-6.14412 1.89628 2.61941 
-6.08572 2.44261 1.78388 
-6.15142 2.54294 0.791093 
-7.02208 2.61453 1.27774 
-7.09162 2.06312 0.446408 
-6.96541 1.82125 1.40847 
-7.29387 2.00103 2.33573 
-6.51379 2.37648 1.83522 
-5.73611 2.12553 2.41163 
-5.39679 1.98265 1.48187 
-5.95983 2.04776 2.30573 
-6.87582 1.98654 2.70225 
-7.64872 2.62001 2.66583 
-6.84291 3.0851 2.29928 
-6.03763 3.45201 2.76501 
-6.38956 2.9666 3.56533 
-7.0335 3.35503 4.22447 
-7.01072 2.97415 3.30012 
-7.24092 3.63182 4.0174 
-6.76875 2.76971 3.83348 
-6.97304 2.05767 4.50525 
-7.57851 1.72264 5.22717 
-7.41951 2.5386 5.78298 
-6.86053 3.36467 5.85464 
-7.57027 2.66069 5.8288 
-7.69026 1.95791 5.12758 
-7.97372 1.03948 5.40352 
-8.74728 0.47111 5.12324 
-7.79533 0.74949 4.99562 
-7.06137 0.837129 4.32211 
-6.41958 0.077191 4.2191 
-6.24068 -0.39799 5.0806 
-5.56695 -0.579967 4.36438 
-5.92866 -0.160661 3.53171 
-6.85472 -0.299909 3.18096 
-6.47687 -0.67457 2.33428 
-5.83557 -1.36162 1.99267 
-5.82122 -0.852194 2.85307 
-5.38833 -1.29934 3.6358 
-5.59945 -0.356514 3.89369 
-4.85942 -0.907772 4.27901 
-4.41761 -0.657199 3.4176 
-4.3096 -1.45282 2.82152 
-5.28877 -1.62907 2.92227 
-4.64595 -1.37874 3.64624 
-3.66633 -1.56057 3.56098 
-4.48346 -1.53454 2.98512 
-5.10587 -0.751937 2.99695 
-5.58043 -1.59171 3.26074 
-6.45661 -1.41644 2.81176 
-6.92137 -1.03542 3.61102 
-7.78295 -0.651232 3.94281 
-8.31561 -1.32356 3.42875 
-7.32073 -1.30801 3.52868 
-7.7509 -1.12726 4.41315 
-7.70549 -2.00787 4.8848 
-7.69283 -1.26795 5.55737 
-6.72573 -1.35632 5.3188 
-5.92415 -1.82037 4.94182 
-6.00838 -1.004 5.51317 
-5.74945 -0.117786 5.129 
-4.86401 -0.426046 4.78119 
-5.47898 -1.11833 5.15876 
-6.30855 -0.599591 4.95205 
-7.19048 -0.643712 4.48274 
-7.11116 -0.175833 5.36297 
-7.35103 0.541373 4.70869 
-7.5554 0.729062 3.74796 
-8.4384 1.19434 3.68604 
-7.9412 1.10361 2.82316 
-8.01579 1.26818 3.8067 
-7.11528 1.19808 4.23585 
-7.29921 1.92805 4.89412 
-7.78974 1.37637 5.56868 
-8.32156 0.917359 4.857 
-9.30649 0.751297 4.90525 
-9.66593 1.46413 4.30302 
-9.09121 1.67246 3.51164 
-8.52954 1.73141 2.68638 
-8.82781 1.31489 1.82757 
-9.36108 0.564963 2.21902 
-9.11493 -0.381708 2.42692 
-10.0471 -0.0310655 2.33638 
-9.09468 0.241748 2.47261 
-8.87464 -0.73374 2.46976 
-9.22416 -1.39736 3.13116 
-9.60086 -0.536228 3.47256 
-8.78585 -0.211318 3.95234 
-8.77485 0.00341201 4.92896 
-9.74153 -0.158513 5.12725 
-9.32243 -1.06479 5.18224 
-9.01831 -0.292215 4.62489 
-9.8771 -0.535179 4.17385 
-10.1182 -0.987215 3.31504 
-9.89219 -1.35665 4.2164 
-10.7343 -1.13592 4.70852 
-10.3862 -0.23971 4.98361 
-10.7758 -1.07711 5.36698 
-9.888 -1.33286 5.74962 
-10.877 -1.24826 5.87094 
-11.1321 -1.04741 4.9251 
-11.9711 -1.57456 5.05994 
-11.8379 -0.655167 5.43008 
-11.6443 0.289424 5.69514 
-12.1068 0.433465 6.56998 
-12.7165 -0.304684 6.28122 
-11.7758 -0.60325 6.12049 
-12.0598 0.355184 6.14772 
-12.4881 1.2089 5.85163 
-11.7239 1.70864 5.44399 
-12.7147 1.736 5.31132 
-12.54 1.8652 6.28742 
-13.0136 1.35657 5.56841 
-13.5837 2.13349 5.30126 
-14.1572 2.05945 4.48538 
-13.7906 2.12744 5.41331 
-13.6774 1.67635 4.52805 
-14.3703 1.24027 3.95387 
-14.9593 1.46027 3.17623 
-15.4225 2.10049 2.56337 
-15.6869 2.50318 1.68707 
-15.6758 2.15725 0.748874 
-15.9505 1.57912 -0.0194493 
-16.2804 1.54573 -0.962852 
-15.6849 2.0005 -0.300643 
-14.8369 1.81322 0.195171 
-14.6658 1.73969 -0.787328 
-14.8065 0.979641 -1.42177 
-14.9852 1.44903 -0.557045 
-14.593 0.916557 0.19306 
-13.8841 1.06788 -0.495789 
-13.7007 0.229023 0.0167538 
-14.2804 0.728154 -0.627277 
-14.971 0.0717094 -0.323728 
-15.8852 -0.240779 -0.065543 
-16.6577 0.264404 -0.450247 
-16.4813 0.999496 -1.10486 
-15.5429 0.790033 -0.830181 
-16.3817 0.638528 -1.35314 
-15.6386 0.247237 -1.89608 
-15.0254 -0.369814 -2.38922 
-14.3706 0.383548 -2.32825 
-15.2175 0.0909783 -1.88414 
-15.2727 0.305565 -2.85928 
-15.6099 0.651416 -1.98368 
-15.3698 0.897887 -1.04475 
-16.3635 0.861623 -0.939482 
-16.3264 1.80377 -0.606354 
-15.6274 2.13787 -1.23871 
-15.4659 3.12337 -1.18674 
-15.9042 2.27902 -0.878561 
-16.7628 2.46623 -1.35581 
-16.9634 3.0952 -2.10692 
-16.4365 3.72419 -1.53533 
-16.258 3.46735 -2.48517 
-16.9623 3.28159 -3.17035 
-17.7873 2.80119 -3.46817 
-18.6544 3.10138 -3.07077 
-19.5109 2.76063 -2.6831 
-19.9626 1.87045 -2.74255 
-20.9485 1.85846 -2.57559 
-20.6414 1.81832 -1.62476 
-20.2176 2.63994 -2.00595 
-20.9569 1.97919 -1.87615 
-21.5566 2.77458 -1.78839 
-22.509 2.54032 -1.98364 
-21.7299 2.93794 -2.46834 
-22.1118 2.90964 -1.5446 
-21.2752 3.41903 -1.34307 
-21.2545 3.9523 -2.18876 
-20.7408 4.34629 -2.95091 
-19.7967 4.06466 -2.77971 
-19.1026 4.49272 -3.35852 
-20.0041 4.37119 -3.77397 
-20.3877 3.96854 -2.94288 
-19.8188 3.52228 -2.25206 
-19.898 2.88262 -3.01663 
-20.3072 2.01311 -2.73993 
-21.2313 1.95327 -2.36266 
-21.3607 1.82688 -3.34617 
-20.9857 2.12919 -2.46982 
-20.2561 1.53795 -2.12616 
-19.3308 1.79052 -2.4089 
-18.4406 1.7657 -2.8638 
-19.0204 2.33605 -2.282 
-19.1262 1.67935 -1.53529 
-19.856 0.996847 -1.49628 
-19.3063 0.904436 -0.666038 
-20.1845 1.2253 -1.02077 
-19.4581 1.13032 -0.340101 
-19.6529 1.73851 -1.10961 
-19.6621 1.54647 -2.09095 
-19.1807 2.36588 -1.77977 
-19.3917 2.1008 -0.838912 
-19.3902 1.90244 0.141216 
-19.4619 2.80997 0.555039 
-20.2633 2.88942 1.14794 
-20.8382 3.70347 1.23068 
-20.0816 3.58508 1.87377 
-19.8166 3.8237 2.80804 
-20.7766 3.81752 2.52813 
-21.7462 3.70437 2.74542 
-22.425 3.60563 2.01779 
-22.6 2.66021 1.74291 
-23.1001 2.62431 0.8777 
-22.2722 2.46 1.4139 
-21.6467 3.12314 1.00285 
-21.0819 2.7966 1.76078 
-20.919 2.37135 0.8705 
-20.6093 1.91654 1.70552 
-19.6131 1.89644 1.79096 
-18.8201 2.46375 1.56916 
-18.8824 1.69406 0.933793 
-18.3309 1.27653 1.65599 
-17.8175 0.427773 1.52961 
-18.125 0.017857 0.670885 
-17.4747 0.747918 0.880896 
-17.6316 1.69531 1.15982 
-18.146 2.52461 1.3782 
-18.2612 3.16788 0.621274 
-18.8051 2.92734 1.42518 
-18.1593 2.54076 2.08354 
-18.659 3.30574 2.48979 
-19.4411 2.82937 2.08792 
-20.2296 2.2508 1.87925 
-19.6423 2.1678 1.07412 
-19.373 1.68163 1.90545 
-19.6749 2.60789 2.13107 
-19.9913 1.7058 2.4245 
-20.4985 2.37172 2.97163 
-20.5599 1.37452 2.92918 
-20.4795 1.07432 3.87965 
-20.2771 1.3639 4.81517 
-20.9166 0.815302 4.2766 
-20.1411 1.05134 4.86217 
-19.7172 0.459267 5.54756 
-18.9326 1.0788 5.52383 
-19.6129 1.04416 6.25598 
-19.0265 1.46375 5.56308 
-19.6989 1.98191 6.09164 
-19.9388 2.3649 6.98371 
-20.1424 1.79461 6.18788 
-20.388 2.42165 6.92712 
-19.4716 2.47025 7.32433 
-19.1994 2.16409 8.23657 
-19.3496 2.9063 8.88968 
-19.0215 3.84806 8.96311 
-19.4862 3.30473 8.26393 
-19.2356 2.38238 7.96982 
-19.9313 2.67918 7.31563 
-20.3468 3.58493 7.23213 
-21.2586 3.36369 7.57796 
-20.4183 2.83531 7.69883 
-20.5962 3.13622 6.76192 
-20.2243 2.30687 6.3449 
-19.4155 2.89498 6.34316 
-20.2683 2.83336 6.86175 
-19.3817 2.54139 7.22048 
-20.1538 2.86298 7.76866 
-20.3069 2.76655 6.78517 
-19.9029 2.9292 7.68533 
-19.1203 2.59223 8.20883 
-20.0195 2.18967 8.38026 
-19.7754 1.22131 8.32852 
-18.9705 1.45668 8.87315 
-19.562 1.72022 8.11112 
-19.1991 1.18824 7.34603 
-19.2313 0.427061 6.69829 
-20.2012 0.610472 6.85847 
-19.3526 0.223357 6.49798 
-18.7057 -0.535669 6.42461 
-17.8297 -0.0601371 6.50558 
-18.5186 0.0732739 7.21804 
-18.2147 -0.295694 8.09638 
-17.4857 -0.573153 8.72213 
-18.2114 -0.674328 8.04153 
-17.6645 -1.29877 8.59922 
-17.719 -1.78293 7.72594 
-18.1919 -1.48683 6.8961 
-17.4002 -0.886912 7.01106 
-17.919 -1.65005 6.62576 
-17.1377 -2.14673 7.00383 
-16.3053 -2.67982 6.85233 
-16.4346 -3.50248 7.40595 
-16.3747 -3.64195 8.39436 
-16.8579 -4.25721 7.77149 
-17.4741 -4.97979 8.08479 
-18.4524 -4.99795 8.29115 
-18.9092 -4.43317 7.60387 
-19.8012 -4.86988 7.72117 
-19.7043 -4.1318 8.38889 
-18.9405 -3.50169 8.24917 
-18.5198 -4.40718 8.19341 
-18.1988 -4.51536 9.13431 
-19.0987 -4.91719 9.30387 
-19.103 -5.64258 8.61553 
-19.9404 -5.3415 8.15927 
-20.8663 -5.56574 7.85535 
-21.0106 -6.54883 7.96811 
-21.8484 -6.05255 7.74063 
-21.219 -6.02016 8.51702 
-21.6421 -5.43912 9.21226 
-20.8688 -4.95984 8.79726 
-21.1979 -4.32448 8.0987 
-20.833 -5.16927 8.49003 
-19.9307 -5.59887 8.45234 
-20.5078 -4.81611 8.21931 
-20.313 -4.04457 8.82494 
-20.2146 -4.87065 8.27004 
-20.7977 -5.57689 7.86854 
-19.8924 -5.82926 8.21017 
-20.7319 -5.29838 8.32597 
-19.8805 -4.8207 8.10912 
-20.5671 -5.25237 8.69418 
-20.4782 -5.09218 9.67725 
-21.4358 -4.88895 9.47319 
-21.1018 -4.48707 8.62059 
-20.4294 -3.75699 8.74274 
-19.7802 -4.49971 8.57871 
-20.0284 -5.28871 8.01667 
-20.5368 -5.06573 8.84843 
-20.5892 -4.09692 9.09062 
-20.882 -4.84691 9.68373 
-20.8356 -4.50461 10.6222 
-21.3047 -3.63035 10.497 
-21.9851 -2.91098 10.6368 
-22.4495 -2.60274 9.80653 
-21.8236 -2.13857 10.4333 
-21.3042 -2.89398 10.0339 
-21.4063 -2.9834 9.04311 
-20.6125 -2.38166 9.13105 
-20.9794 -1.72481 8.47233 
-21.5489 -1.43915 9.24313 
-22.004 -2.00996 9.92652 
-21.4476 -1.19904 10.1076 
-21.5392 -0.205078 10.0473 
-20.7572 0.416812 10.0049 
-20.0575 -0.144333 10.447 
-20.2662 -0.693561 9.63783 
-20.6378 -1.44397 9.09123 
-19.862 -2.0684 9.00117 
-19.8692 -1.33505 9.68099 
-20.73 -1.61158 9.25365 
-21.4901 -1.98813 8.72418 
-21.4747 -2.29692 7.77318 
-22.3584 -2.39735 8.23039 
-22.5999 -3.14485 7.61161 
-23.0286 -4.03531 7.76437 
-23.665 -3.45775 7.25315 
-24.5064 -3.08845 6.85846 
-23.554 -2.83164 7.0231 
-23.8062 -2.28118 6.22724 
-23.5566 -2.63853 5.32723 
-23.2788 -1.75807 5.71138 
-22.3471 -2.11734 5.65735 
-21.5524 -2.0842 5.05128 
-21.5432 -3.00157 5.44921 
-21.155 -3.91103 5.59798 
-21.472 -4.77988 5.97821 
-20.6434 -4.51804 6.47309 
-20.8276 -5.50088 6.48322 
-20.3246 -6.15467 5.91797 
-20.8635 -6.27207 6.75209 
-21.4089 -5.46913 6.51161 
-20.4314 -5.38153 6.32004 
-20.0923 -5.03291 7.19381 
-20.5587 -4.86853 8.06298 
-20.4268 -5.78137 8.4494 
-19.5636 -6.00477 7.99675 
-20.3027 -5.37775 7.75074 
-19.6662 -5.11292 7.02638 
-19.0706 -5.85762 7.32758 
-18.9448 -6.49264 6.5654 
-18.4124 -6.62154 7.40206 
-18.2546 -5.85391 8.02322 
-18.2472 -6.59066 7.3471 
-18.6253 -5.7831 7.79973 
-19.353 -6.09429 8.41097 
-19.3405 -6.86284 9.05062 
-19.145 -5.95757 8.67344 
-19.4151 -5.83168 9.628 
-19.7092 -6.78248 9.53061 
-20.1538 -6.19454 8.85481 
-19.1578 -6.10598 8.86787 
-19.6772 -5.25492 8.94477 
-19.8856 -4.40964 9.43679 
-19.7603 -4.68875 8.48474 
-19.011 -4.06177 8.27183 
-18.2558 -4.67473 8.50435 
-18.7827 -3.88043 8.20191 
-19.6224 -4.38551 8.00218 
-19.1143 -4.88985 8.7004 
-19.6112 -5.75315 8.61177 
-19.9886 -5.97229 9.51151 
-19.7384 -6.02306 8.54465 
-18.814 -5.65249 8.63537 
-19.3194 -6.50616 8.7613 
-19.0067 -5.55807 8.70322 
-18.5088 -5.05312 7.99815 
-17.8374 -5.24455 7.28223 
-17.2828 -5.68744 6.57775 
-17.9724 -5.40054 5.91283 
-18.8364 -5.89808 5.83525 
-17.9526 -6.32267 6.03193 
-17.8063 -6.67587 5.10789 
-18.0023 -5.69656 5.0574 
-17.0948 -5.27846 5.01657 
-17.1004 -6.08773 4.42915 
-18.0567 -6.01804 4.71317 
-18.3288 -5.56764 3.86282 
-18.2322 -4.60545 4.11746 
-17.631 -4.34682 4.87359 
-17.0427 -5.08512 4.54368 
-17.038 -5.64533 3.71534 
-17.7947 -5.70829 4.3661 
-17.9076 -4.76545 4.05257 
-17.7561 -4.21753 4.87527 
-17.9845 -4.64635 4.00124 
-18.948 -4.47785 3.79312 
-18.4398 -4.48355 4.65433 
-18.0754 -3.78347 5.26843 
-18.8466 -4.05604 5.84366 
-19.5227 -4.21786 6.56254 
-19.6416 -4.65831 5.67267 
-20.5003 -5.03837 6.01651 
-21.1053 -4.57045 6.66076 
-20.2577 -4.04148 6.61841 
-21.2124 -3.79914 6.79108 
-20.6127 -4.59309 6.69083 
-20.2847 -4.20583 7.55248 
-20.5788 -4.67864 8.38312 
-20.7349 -3.92403 9.02045 
-19.836 -4.10255 8.6203 
-19.0344 -4.40779 9.13445 
-19.8042 -4.05187 9.66434 
-20.3513 -4.00622 8.82852 
-19.6322 -3.36207 9.08906 
-19.9099 -2.83991 9.89539 
-20.6348 -2.65847 9.23083 
-20.264 -2.87077 10.1349 
-20.1418 -2.08503 9.52857 
-20.3888 -1.85098 8.58824 
-19.5213 -1.43545 8.31479 
-20.455 -1.67421 8.58176 
-19.498 -1.46093 8.38507 
-20.2897 -1.12954 7.8718 
-19.6152 -0.578507 8.36321 
-19.9574 -0.324132 9.26774 
-20.19 0.532135 8.80652 
-20.7985 1.27711 9.07996 
-20.7151 1.55648 8.1234 
-19.9706 2.00046 7.62472 
-19.7514 1.18219 7.09333 
-20.7209 0.978179 7.22918 
-21.6439 0.820803 7.58032 
-21.4471 0.720441 8.55561 
-20.7531 0.516725 9.24612 
-21.0969 -0.395061 9.47074 
-20.4696 -0.0847813 10.1851 
-20.6911 -0.113847 11.1598 
-19.7349 -0.357166 10.9971 
-20.7337 -0.37747 11.0423 
-19.8586 -0.251586 10.5751 
-19.0334 0.232503 10.284 
-18.5745 0.633772 11.0767 
-19.0293 0.723031 11.9628 
-20.0003 0.641085 12.1872 
-19.0412 0.806024 11.9572 
-19.5801 0.72106 11.1192 
-19.2036 0.662856 10.1945 
-18.5753 1.44007 10.1606 
-18.0206 0.789861 10.6798 
-17.1191 1.02702 10.3179 
-16.1256 1.04898 10.206 
-16.3056 1.24409 11.1702 
-16.4587 1.55519 12.1081 
-16.0203 0.664278 12.227 
-15.6165 1.57532 12.3101 
-15.9058 1.72057 11.364 
-16.165 1.27897 10.505 
-15.1703 1.37026 10.5531 
-15.0239 0.514293 11.049 
-15.2213 1.4332 10.7074 
-14.4759 1.95219 11.1258 
-13.9206 2.55633 11.6973 
-14.8016 2.92294 11.9965 
-15.1926 2.01864 11.8251 
-14.7607 1.13425 11.6482 
-15.1717 1.86699 11.1059 
-14.6323 2.66193 10.8281 
-14.1118 3.05079 10.068 
-14.1782 2.54596 9.20731 
-13.8484 1.83575 9.82928 
-14.5963 1.75202 9.17083 
-14.1788 2.39522 9.81266 
-13.7077 3.13911 9.33861 
-13.1322 3.02446 8.52886 
-12.8797 3.45641 9.39469 
-12.94 4.04658 10.1997 
-13.2529 3.77566 9.2894 
-12.4786 3.60105 9.89771 
-12.4133 4.27289 10.6355 
-12.2056 4.72114 11.505 
-11.4293 4.95945 12.0886 
-12.0804 4.83049 12.8366 
-12.47 5.72564 12.62 
-13.2218 5.07265 12.5282 
-14.1916 5.28211 12.6538 
-14.5411 4.61492 11.996 
-14.6834 5.6034 12.0474 
-15.6034 5.63411 12.4382 
-15.5897 4.64874 12.2683 
-14.8806 5.06061 11.6959 
-14.5072 4.13402 11.7405 
-14.4368 4.73218 12.5388 
-13.8885 5.40948 12.0483 
-14.8468 5.14823 11.9324 
-15.6488 5.45527 11.4201 
-15.094 6.25189 11.1803 
-15.7317 5.68023 11.6965 
-16.1861 5.7083 10.8062 
-17.0063 5.33126 10.376 
-16.7544 6.28395 10.2059 
-17.4922 6.51722 10.8393 
-17.3566 6.32058 11.8103 
-17.8829 5.48587 11.6481 
-18.4073 6.24254 11.2576 
-18.7672 6.32507 12.187 
-18.0629 6.43183 11.4851 
-17.6191 5.94125 12.235 
-17.5854 5.25985 11.5038 
-18.0488 4.95841 10.6705 
-18.7426 4.61374 11.3029 
-19.2637 4.35848 10.4885 
-19.5792 3.41511 10.3857 
-19.686 4.40939 10.3846 
-19.1387 4.84379 11.1 
-18.8543 4.86328 10.1415 
-19.7352 4.45573 10.382 
-20.53 4.54049 9.78091 
-21.2307 3.8462 9.94485 
-20.6145 4.30331 10.5862 
-21.14 4.60453 9.79048 
-21.6837 5.15723 9.15891 
-20.766 5.02674 9.53411 
-20.4623 5.97096 9.40679 
-19.5504 5.86182 9.01121 
-20.0011 6.55013 8.44282 
-19.3497 6.96572 9.07763 
-18.5403 7.35364 8.63684 
-19.2536 7.34072 9.3375 
-18.8736 8.23824 9.56124 
-18.5353 8.48653 10.4689 
-17.8998 8.7331 11.2006 
-17.5361 8.21661 10.4254 
-17.3021 8.2192 9.45315 
-18.1291 7.7869 9.81247 
-18.5915 8.29017 10.5425 
-18.9285 9.23167 10.5461 
-19.4064 9.14319 9.67218 
-19.3073 8.66069 10.5425 
-19.9108 9.38775 10.2149 
-19.2617 10.0863 10.516 
-19.7865 9.81592 9.70891 
-20.7439 9.57498 9.54976 
-20.163 8.76151 9.52139 
-19.2682 8.34268 9.67571 
-20.2035 8.17842 9.98908 
-20.0636 8.30396 9.0069 
-20.9349 8.16242 8.53688 
-19.9754 8.11254 8.25964 
-19.2053 8.32911 8.85971 
-18.8272 9.22025 9.11056 
-18.0621 9.35002 9.74129 
-18.3757 9.63504 8.83552 
-17.4755 9.20439 8.89979 
-18.1025 9.35894 9.66332 
-17.2934 8.77501 9.59779 
-17.2008 8.44782 10.5382 
-17.2074 8.88581 9.63926 
-16.5332 9.24042 10.2871 
-16.1708 9.34152 9.36061 
-15.3069 8.84833 9.25895 
-15.9157 8.09547 9.50914 
-16.7294 8.37067 8.99717 
-17.5651 8.26261 9.53563 
-17.0355 8.63139 10.2995 
-16.3715 9.21585 10.7659 
-15.5431 9.54752 11.2174 
-16.2353 9.98402 11.7921 
-16.3523 9.68628 12.7396 
-17.3475 9.63245 12.8215 
-16.4595 9.20543 12.992 
-16.8394 9.35319 12.0789 
-17.4791 10.0989 11.8924 
-16.633 10.6224 11.7925 
-15.7299 10.3218 12.0991 
-16.5627 9.81162 11.8843 
-15.8876 9.90162 11.1521 
-15.2497 10.6695 11.0939 
-16.1449 10.2255 11.1324 
-15.5612 10.1399 10.325 
-16.5251 10.1878 10.587 
-15.7246 9.59594 10.4923 
-15.9561 9.18574 11.3745 
-15.0317 8.818 11.4753 
-15.7373 8.93581 12.174 
-14.9712 8.7513 11.5583 
-15.5083 9.49152 11.9628 
-16.2017 9.09159 11.3634 
-16.9894 9.11231 10.7476 
-16.151 8.99282 10.2158 
-15.9052 8.39159 10.9762 
-15.4384 9.27006 11.0782 
-14.6317 8.85361 10.6589 
-15.0445 9.7505 10.8177 
-14.7372 8.79896 10.8293 
-14.7644 7.87341 11.207 
-15.3712 7.40729 11.8508 
-14.6533 7.07641 11.2384 
-14.8598 7.62338 12.0497 
-15.6335 8.17177 11.7323 
-16.3752 8.82279 11.571 
-16.3295 9.42428 10.7734 
-15.558 9.88738 11.2098 
-15.03 9.90735 12.0588 
-14.5567 9.13438 12.4813 
-13.5694 9.03991 12.354 
-13.2193 9.92247 12.0401 
-13.6278 9.84413 11.1307 
-14.4652 9.72449 10.5974 
-13.7945 10.3647 10.2227 
-14.3305 11.2073 10.2742 
-13.5842 11.6501 9.77724 
-13.7641 10.8583 10.361 
-13.1607 10.8705 9.56359 
-12.3003 11.3748 9.49145 
-11.4185 11.0059 9.78549 
-11.6297 10.4656 10.6001 
-12.4614 9.91127 10.6302 
-12.8124 10.3096 9.78273 
-13.4609 10.8733 9.2712 
-13.3527 11.5206 8.51674 
-12.647 11.2628 7.85687 
-13.622 11.0451 7.90088 
-14.4019 11.3463 8.44954 
-13.8174 12.0554 8.05523 
-13.9904 11.9188 7.07984 
-13.1092 12.1594 7.48668 
-13.8891 11.9234 8.06627 
-13.0206 11.4428 7.94515 
-13.0628 12.0038 7.11841 
-12.7158 11.9239 6.18398 
-13.1752 12.3475 6.96464 
-13.8942 11.7442 7.30982 
-14.653 11.1269 7.10222 
-14.5203 10.1563 7.30318 
-15.3802 9.87647 6.87634 
-14.9963 10.4571 6.15836 
-14.8842 10.5925 7.1428 
-14.0636 11.1402 7.30564 
-13.5107 11.5317 6.57011 
-13.0201 10.7256 6.23889 
-13.616 10.9661 7.00515 
-14.488 11.3945 7.24212 
-13.6722 11.3617 7.81964 
-13.2857 12.1557 8.289 
-13.6039 12.5502 7.42698 
-13.3813 11.8825 6.71662 
-12.4903 12.3036 6.54662 
-11.9037 11.993 5.79871 
-11.8453 12.987 5.89067 
-11.5546 12.4868 6.7063 
-11.6433 11.9292 7.53165 
-12.1277 11.5496 8.31986 
-12.4238 10.707 7.86999 
-13.2656 10.9951 8.32653 
-13.7708 11.3004 9.13372 
-13.4657 10.5154 8.59447 
-12.5506 10.6982 8.23505 
-13.4379 10.2383 8.27106 
-12.7036 10.3687 8.93724 
-11.7261 10.3355 9.14573 
-11.8153 10.3724 8.1504 
-11.4365 10.5255 7.2377 
-11.5447 9.96575 8.05928 
-11.3632 9.47094 8.90912 
-11.1227 10.0861 9.65991 
-11.5022 9.17913 9.47739 
-10.7024 9.6158 9.88923 
-10.9103 10.5926 9.94035 
-11.1086 9.98806 9.16887 
-11.0351 10.666 9.90029 
-11.5347 10.5828 10.7626 
-12.3212 11.1556 10.9935 
-13.2484 10.9473 10.6822 
-13.5912 11.7954 11.0862 
-12.8306 12.1472 11.6318 
-12.2304 11.4419 11.2547 
-12.4778 12.3931 11.4388 
-11.7597 13.0886 11.4661 
-11.529 12.9906 10.498 
-11.8181 12.4531 9.70592 
-12.3559 12.953 9.02702 
-11.4962 13.4382 8.86752 
-10.6156 13.4486 9.34125 
-10.1068 13.7917 10.1309 
-10.6258 14.5956 10.4214 
-10.8648 15.5627 10.3341 
-11.5494 15.4959 11.06 
