time step	r_RW	sigma_r_RW	r_cont_RW	sigma_r_cont_RW
1 1 0 1 0
6 2.44571 0.0336423 2.45656 0.0326056
11 3.31822 0.0587358 3.32718 0.0550963
16 4.00563 0.0873421 4.00753 0.0801133
21 4.58682 0.115087 4.5884 0.103155
26 5.08636 0.145748 5.09859 0.133808
31 5.5638 0.171668 5.56301 0.168732
36 5.98195 0.198442 5.99333 0.199492
41 6.37873 0.227616 6.39545 0.193993
46 6.75366 0.261459 6.77253 0.237357
51 7.09746 0.271386 7.13312 0.275699
56 7.43585 0.311562 7.48095 0.29922
61 7.75087 0.329465 7.81244 0.358592
66 8.06118 0.356581 8.13679 0.388044
71 8.36513 0.382902 8.4317 0.393651
76 8.64936 0.386239 8.711 0.443696
81 8.92226 0.437726 8.9819 0.465569
86 9.20264 0.470496 9.25735 0.515679
91 9.47529 0.494863 9.52038 0.554401
96 9.7405 0.493364 9.78604 0.59998
101 9.9976 0.523989 10.0412 0.636572
106 10.2591 0.555815 10.3011 0.652751
111 10.4934 0.579605 10.5564 0.649801
116 10.7266 0.624686 10.7876 0.686022
121 10.9531 0.639705 11.0078 0.743075
126 11.1659 0.715866 11.2421 0.777355
131 11.3815 0.721241 11.4461 0.804721
136 11.6056 0.740557 11.6637 0.824606
141 11.8179 0.779929 11.8715 0.857893
146 12.0387 0.794969 12.0795 0.905042
151 12.2408 0.813828 12.2829 0.90376
156 12.4419 0.86995 12.4848 0.954208
161 12.6419 0.940143 12.6931 0.982921
166 12.8366 1.00202 12.8934 1.02752
171 13.0342 0.987455 13.0874 1.01379
176 13.2211 1.05219 13.2851 1.05838
181 13.4251 1.03158 13.464 1.05562
186 13.6081 1.0731 13.6589 1.08963
191 13.7952 1.07124 13.8414 1.13267
196 13.9794 1.12174 14.0291 1.1606
201 14.1444 1.12225 14.2063 1.20428
206 14.333 1.1478 14.381 1.22582
211 14.4895 1.18234 14.5337 1.23465
216 14.6543 1.20788 14.7111 1.23368
221 14.8418 1.2854 14.8763 1.25938
226 15.0246 1.35345 15.0516 1.26661
231 15.1898 1.40926 15.2245 1.27342
236 15.347 1.41028 15.3871 1.32176
241 15.4999 1.4169 15.5557 1.39185
246 15.6659 1.40432 15.7077 1.42335
251 15.8189 1.44547 15.8646 1.5573
256 15.9764 1.44663 16.0125 1.57494
261 16.1452 1.43662 16.1681 1.54615
266 16.2883 1.43175 16.3081 1.58538
271 16.4236 1.46358 16.4665 1.6423
276 16.5647 1.52182 16.6152 1.64588
281 16.685 1.5172 16.7844 1.66808
286 16.8305 1.59698 16.9327 1.6537
291 16.9644 1.61351 17.0807 1.67596
296 17.1093 1.58039 17.233 1.62327
301 17.2581 1.57224 17.3663 1.67003
306 17.4073 1.57777 17.5039 1.66552
311 17.5461 1.58382 17.6495 1.68838
316 17.6773 1.62809 17.7952 1.73605
321 17.8227 1.6588 17.9326 1.69712
326 17.9519 1.64592 18.071 1.72042
331 18.0738 1.67697 18.2042 1.73552
336 18.2156 1.69811 18.3414 1.77908
341 18.3667 1.72833 18.4541 1.86829
346 18.5186 1.77226 18.5801 1.89667
351 18.6404 1.82684 18.7149 1.92136
356 18.7739 1.8865 18.8535 1.94089
361 18.9035 1.91297 18.981 1.96698
366 19.0237 1.90559 19.109 2.02299
371 19.1583 1.97197 19.2374 2.02475
376 19.2799 2.03129 19.3706 2.03646
381 19.4258 2.01078 19.5028 2.14087
386 19.5483 2.06191 19.6438 2.18338
391 19.663 2.08232 19.7408 2.22427
396 19.7914 2.08576 19.859 2.27896
401 19.9421 2.17208 19.9786 2.27225
406 20.0855 2.25882 20.1094 2.36891
411 20.2135 2.29013 20.2313 2.44802
416 20.338 2.35266 20.3553 2.45119
421 20.4698 2.37514 20.4867 2.53914
426 20.5882 2.33053 20.5864 2.57123
431 20.7042 2.40694 20.7006 2.59505
436 20.8261 2.43815 20.8242 2.63079
441 20.9366 2.43377 20.9556 2.58667
446 21.0628 2.49164 21.0755 2.63558
451 21.1705 2.49573 21.1938 2.61256
456 21.2942 2.57811 21.3129 2.61509
461 21.4176 2.62261 21.4275 2.62786
466 21.5142 2.59556 21.5495 2.64656
471 21.629 2.60147 21.654 2.67802
476 21.7465 2.57122 21.7562 2.66112
481 21.846 2.5852 21.8653 2.67552
486 21.9605 2.51992 21.9838 2.672
491 22.0621 2.6213 22.0951 2.75432
496 22.1705 2.66806 22.22 2.75491
501 22.2753 2.7145 22.3204 2.79647
506 22.3848 2.74236 22.4259 2.79245
511 22.4857 2.81188 22.5424 2.78777
516 22.599 2.8054 22.6592 2.75656
521 22.7087 2.83481 22.755 2.69525
526 22.8143 2.8932 22.8522 2.71454
531 22.918 2.84596 22.9679 2.77093
536 23.0364 2.85077 23.083 2.8178
541 23.1461 2.81684 23.1942 2.92716
546 23.2448 2.83011 23.3207 2.9486
551 23.3643 2.83449 23.4214 2.94611
556 23.4631 2.86711 23.5352 3.02644
561 23.5792 2.83236 23.6624 3.10212
566 23.6908 2.88474 23.7829 3.21239
571 23.8042 2.88491 23.8889 3.24463
576 23.909 2.90628 23.9876 3.29393
581 23.9911 2.92061 24.0824 3.38298
586 24.0792 2.93944 24.1953 3.36756
591 24.1955 2.99803 24.3022 3.3911
596 24.3011 3.05265 24.4003 3.42445
601 24.402 3.09631 24.5059 3.41538
606 24.5121 3.15454 24.6105 3.46038
611 24.5956 3.17357 24.7145 3.58894
616 24.6841 3.22285 24.8161 3.62688
621 24.7962 3.27053 24.9093 3.69264
626 24.8857 3.38845 25.0098 3.70423
631 24.9978 3.39671 25.0996 3.67332
636 25.1032 3.40706 25.1977 3.70977
641 25.2052 3.46099 25.3048 3.66744
646 25.3039 3.36845 25.4092 3.76911
651 25.4194 3.37441 25.5142 3.81662
656 25.5138 3.46877 25.6234 3.75244
661 25.6045 3.49658 25.7186 3.77689
666 25.6784 3.43147 25.8343 3.84399
671 25.7702 3.41224 25.9449 3.87641
676 25.8639 3.4544 26.034 4.02506
681 25.9692 3.45869 26.1258 4.05663
686 26.0674 3.52141 26.2369 4.07185
691 26.1609 3.53931 26.3267 4.08438
696 26.2618 3.50789 26.428 4.05835
701 26.3391 3.5624 26.5117 4.11348
706 26.4578 3.63248 26.617 4.18133
711 26.5588 3.66276 26.7041 4.18295
716 26.6464 3.72023 26.8081 4.2396
721 26.7383 3.77025 26.8864 4.30313
726 26.8328 3.7719 26.9754 4.31536
731 26.9328 3.7774 27.0674 4.38508
736 27.0316 3.75475 27.1829 4.43278
741 27.1284 3.71067 27.2747 4.51942
746 27.2191 3.8003 27.3639 4.53463
751 27.3114 3.90203 27.4618 4.60601
756 27.4169 3.99041 27.5445 4.66988
761 27.5028 4.05284 27.6442 4.68273
766 27.6079 4.05409 27.7313 4.66413
771 27.7108 4.12715 27.8168 4.67652
776 27.7831 4.16533 27.9239 4.67825
781 27.8844 4.21012 28.0122 4.63901
786 27.9673 4.22477 28.0944 4.62204
791 28.0591 4.1878 28.1971 4.60116
796 28.1542 4.22225 28.2992 4.72824
801 28.2423 4.23769 28.3784 4.80105
806 28.3322 4.23469 28.4841 4.83859
811 28.3994 4.19185 28.5626 4.87948
816 28.4853 4.13876 28.633 4.97182
821 28.5711 4.17887 28.7312 4.98519
826 28.6666 4.20145 28.8247 4.98557
831 28.742 4.26081 28.9105 5.01321
836 28.8241 4.31948 29.002 5.15051
841 28.9112 4.38381 29.0778 5.11195
846 29.0005 4.41953 29.1398 5.09628
851 29.0959 4.53922 29.2373 5.09873
856 29.1791 4.61925 29.3147 5.05839
861 29.2577 4.62377 29.3852 5.11066
866 29.3516 4.6664 29.4727 5.18292
871 29.4513 4.63429 29.5561 5.20732
876 29.5236 4.70176 29.6377 5.08238
881 29.5903 4.67495 29.7297 5.16546
886 29.67 4.77671 29.8072 5.2086
891 29.7667 4.79572 29.8924 5.22838
896 29.8379 4.77253 29.9885 5.23768
901 29.9422 4.77462 30.0494 5.30555
906 30.0216 4.86479 30.1393 5.30329
911 30.1083 4.88053 30.2148 5.43401
916 30.1811 4.93674 30.2963 5.49936
921 30.2643 4.9874 30.3974 5.49651
926 30.3435 5.05806 30.4597 5.584
931 30.4281 5.14812 30.5482 5.65241
936 30.5075 5.20004 30.632 5.59625
941 30.5893 5.2251 30.7194 5.55594
946 30.6658 5.1556 30.8036 5.62985
951 30.7382 5.17741 30.882 5.64403
956 30.8132 5.18727 30.944 5.67763
961 30.8931 5.17031 31.0135 5.63591
966 30.9608 5.18026 31.0795 5.59871
971 31.0385 5.12292 31.1554 5.69402
976 31.1191 5.10505 31.2315 5.76195
981 31.1984 5.10188 31.3117 5.83754
986 31.2771 5.16067 31.3789 5.83567
991 31.3705 5.2076 31.4554 5.83783
996 31.4395 5.25504 31.5299 5.85495
