0 -0.158897 0.012236
1 0.0712894 0.213431
2 0.402958 0.195186
3 0.307115 0.150118
4 0.376585 0.240844
5 0.125022 0.180632
6 0.335044 0.18293
7 -0.0300092 0.155024
8 0.00159143 0.178228
9 0.346826 0.181945
10 0.446 0.172544
11 0.461694 0.191155
12 0.30996 0.160144
13 0.174692 0.240571
14 0.419868 0.127301
15 0.262712 0.227868
16 0.504033 0.207055
17 0.631447 0.166424
18 0.343108 0.170947
19 0.0175463 0.175986
20 0.641258 0.165955
21 0.456595 0.0991278
22 0.0669754 0.170837
23 0.290605 0.151662
24 0.258801 0.165056
25 0.0380337 0.15449
26 0.193858 0.134566
27 0.53697 0.145811
28 0.246545 0.163099
29 0.168608 0.169137
30 -0.0962777 0.166521
31 0.585258 0.14852
32 0.488325 0.154446
33 0.418239 0.119048
34 0.510398 0.132266
35 0.393371 0.141117
36 0.27773 0.179008
37 0.32199 0.165227
38 0.0279345 0.131074
39 0.179858 0.163615
40 0.481338 0.126158
41 0.37385 0.129567
42 0.361705 0.141946
43 0.390585 0.125616
44 0.281058 0.166739
45 0.241627 0.0921482
46 0.410949 0.119873
47 0.404231 0.171031
48 0.0456424 0.161691
49 0.354826 0.134458
50 0.493373 0.141429
51 0.474236 0.117772
52 0.280249 0.152871
53 0.156873 0.123549
54 0.470237 0.122765
55 0.328066 0.112517
56 0.383153 0.136436
57 0.490763 0.0934485
58 0.563399 0.167251
59 0.272061 0.141997
60 0.373667 0.157456
61 0.312056 0.1439
62 0.369141 0.121209
63 0.316039 0.133548
64 0.284045 0.163196
65 0.375708 0.134393
66 0.328494 0.110929
67 0.144263 0.121087
68 0.47969 0.164696
69 0.415029 0.114064
70 0.137429 0.140147
71 0.292939 0.108648
72 0.0791069 0.112145
73 0.582764 0.0983127
74 0.416899 0.120179
75 0.0671183 0.134015
76 0.377775 0.110427
77 0.423487 0.117349
78 0.397123 0.114859
79 0.256977 0.0815934
80 0.266822 0.0971899
81 0.326916 0.105206
82 0.540762 0.106185
83 0.24667 0.102173
84 0.370759 0.162036
85 0.335574 0.082214
86 0.396521 0.140527
87 0.376547 0.106271
88 0.208761 0.133006
89 0.205467 0.0967579
90 0.299654 0.13444
91 0.212257 0.101617
92 0.465793 0.127197
93 0.439183 0.148368
94 0.218999 0.112807
95 0.208185 0.105171
96 0.348306 0.10327
97 0.446053 0.0965958
98 0.400125 0.115152
99 -0.0535672 0.0865312
100 0.312851 0.0773456
101 0.624547 0.15068
102 0.458398 0.118499
103 0.368818 0.114666
104 0.314735 0.167841
105 0.3655 0.142402
106 0.354198 0.142647
107 0.572634 0.125906
108 0.227457 0.128827
109 0.363933 0.15149
110 0.383659 0.160759
111 0.379062 0.133633
112 0.332452 0.12966
113 0.465087 0.0730124
114 0.378051 0.124394
115 0.261974 0.175469
116 0.233531 0.11322
117 0.089929 0.106198
118 0.610251 0.102556
119 0.238408 0.113409
120 0.323667 0.102787
121 0.192384 0.135359
122 0.155831 0.144032
123 0.248573 0.123358
124 0.284706 0.156693
125 0.373883 0.0973758
126 0.181276 0.104319
127 0.219994 0.0943727
128 0.418245 0.128234
129 0.413623 0.123723
130 0.16821 0.125846
131 0.172073 0.119003
132 0.328076 0.115793
133 0.38805 0.142482
134 0.266999 0.10083
135 0.115617 0.0898688
136 0.159381 0.11175
137 0.255919 0.0840798
138 0.268937 0.135536
139 0.287705 0.0887168
140 0.277005 0.0816512
141 0.136393 0.15039
142 0.509067 0.111368
143 0.254508 0.100455
144 0.354638 0.150438
145 0.290939 0.117885
146 0.0445053 0.114817
147 0.534262 0.114059
148 0.465588 0.119779
149 0.248398 0.124572
150 0.396452 0.0863373
151 0.374096 0.0940905
152 0.430388 0.132598
153 0.208251 0.122844
154 0.296046 0.0651208
155 0.39427 0.134057
156 0.321284 0.124572
157 0.137667 0.0982152
158 0.399465 0.103954
159 0.359313 0.0823309
160 0.42078 0.103364
161 0.39933 0.125811
162 0.402022 0.0927359
163 0.173224 0.131579
164 0.406087 0.127438
165 0.253202 0.113777
166 0.40377 0.106003
167 0.13719 0.128532
168 0.599078 0.15518
169 0.607249 0.0896426
170 0.265252 0.116168
171 0.274495 0.0899288
172 0.432222 0.123822
173 0.447337 0.0962089
174 0.262497 0.127928
175 0.209826 0.100764
176 0.33309 0.110584
177 0.2569 0.13072
178 0.0893925 0.105041
179 0.338076 0.125537
180 0.608634 0.127773
181 0.159404 0.147151
182 0.457384 0.0975464
183 0.210006 0.149816
184 0.481811 0.128867
185 0.193162 0.136135
186 0.184543 0.111454
187 0.0973549 0.12917
188 0.242257 0.113812
189 0.524647 0.0862368
190 0.174364 0.106005
191 0.269423 0.126035
192 0.126767 0.101851
193 0.413585 0.0873498
194 0.0740556 0.144009
195 0.26448 0.137249
196 0.337789 0.0957018
197 0.467264 0.12613
198 0.295038 0.0796166
199 0.167644 0.12145
200 0.345484 0.0933284
201 0.3667 0.144799
202 0.397072 0.0920798
203 0.410659 0.106033
204 0.312501 0.104813
205 0.267277 0.131326
206 0.0429267 0.128661
207 0.266907 0.122336
208 0.392033 0.137528
209 0.179033 0.143328
210 0.144956 0.112291
211 0.216819 0.118234
212 0.401951 0.139029
213 0.314645 0.116789
214 0.395425 0.139516
215 0.228435 0.107099
216 0.246007 0.143117
217 0.321612 0.139866
218 0.458308 0.115891
219 0.338598 0.105108
220 -0.0615413 0.114694
221 0.104842 0.0975936
222 0.347249 0.109811
223 0.25247 0.139884
224 0.244198 0.0887946
225 0.430613 0.109263
226 0.821071 0.112964
227 0.407369 0.134971
228 0.277186 0.142773
229 0.386963 0.120393
230 0.215632 0.107919
231 0.422121 0.149734
232 0.400561 0.145725
233 0.178563 0.0978213
234 0.540763 0.148983
235 0.484905 0.142143
236 0.341447 0.0908597
237 0.323336 0.133421
238 0.208191 0.17596
239 0.304035 0.106675
240 0.402277 0.162702
241 0.193243 0.163782
242 0.246053 0.139037
243 0.351163 0.141702
244 0.479606 0.136843
245 0.410291 0.107656
246 0.0575242 0.14444
247 0.148167 0.112353
248 0.40812 0.120011
249 0.319291 0.114594
250 0.503499 0.152905
251 0.412113 0.131732
252 0.473967 0.124312
253 0.226921 0.116346
254 0.521643 0.159425
255 0.284458 0.170919
256 0.452199 0.180943
257 0.35408 0.186325
258 0.159314 0.11168
259 0.300734 0.150196
260 0.285386 0.149088
261 0.459655 0.132092
262 0.556322 0.144708
263 0.350048 0.201082
264 0.405676 0.125122
265 0.411406 0.127434
266 0.304217 0.176619
267 0.311541 0.170399
268 0.272458 0.131211
269 0.348559 0.142092
270 0.52034 0.183493
271 0.244959 0.147274
272 0.379199 0.187922
273 0.706688 0.183275
274 0.757799 0.179494
275 0.425078 0.12967
276 0.261164 0.175242
277 0.342324 0.151782
278 0.248758 0.185699
279 0.368429 0.147602
280 0.0696935 0.16164
281 0.17832 0.19325
282 0.38182 0.126907
283 0.177508 0.12154
284 0.127668 0.169332
285 0.422336 0.116268
286 0.24242 0.197829
287 0.487687 0.227339
288 0.462882 0.119788
289 0.347137 0.137924
290 0.389562 0.150146
291 0.584905 0.213869
292 0.19945 0.170532
293 0.470396 0.206892
294 0.348126 0.223379
295 0.237815 0.245535
296 0.194546 0.282094
297 0.263262 0.187721
298 0.437859 0.186623
299 -0.136547 0.0189561
