0 8.62375 0.227157
1 8.62465 0.226966
2 8.62484 0.227033
3 8.62454 0.227168
4 8.62531 0.227421
5 8.62725 0.227198
6 8.62737 0.22716
7 8.62859 0.228105
8 8.62977 0.228419
9 8.63077 0.228793
10 8.63101 0.228966
11 8.63177 0.228935
12 8.63152 0.228925
13 8.63051 0.229262
14 8.62946 0.229214
15 8.6297 0.228974
16 8.63068 0.228966
17 8.63144 0.229203
18 8.63124 0.229328
19 8.63174 0.229093
20 8.63098 0.229268
21 8.63019 0.229108
22 8.63247 0.229027
23 8.63269 0.229259
24 8.63294 0.229369
25 8.63131 0.229075
26 8.62948 0.229288
27 8.63056 0.22909
28 8.63037 0.228789
29 8.63094 0.229179
30 8.63115 0.229068
31 8.63037 0.228956
32 8.63088 0.228761
33 8.63141 0.228931
34 8.6319 0.228796
35 8.6324 0.22903
36 8.63241 0.228838
37 8.63205 0.22916
38 8.63334 0.228903
39 8.63521 0.22939
40 8.63459 0.229268
41 8.63487 0.228853
42 8.63339 0.228668
43 8.63189 0.229127
44 8.63211 0.229209
45 8.63359 0.229537
46 8.63386 0.229901
47 8.63416 0.230021
48 8.63555 0.230253
49 8.63502 0.230064
50 8.63493 0.229627
51 8.63492 0.229632
52 8.63561 0.229497
53 8.63663 0.229509
54 8.6361 0.229022
55 8.63535 0.229224
56 8.63334 0.229266
57 8.63252 0.229441
58 8.6328 0.230057
59 8.63036 0.230359
60 8.62766 0.230836
61 8.62924 0.230956
62 8.62741 0.230797
63 8.62667 0.230746
64 8.62747 0.230887
65 8.62588 0.231057
66 8.62634 0.231156
67 8.62715 0.231262
68 8.62562 0.231183
69 8.6261 0.23121
70 8.62632 0.231401
71 8.62712 0.23152
72 8.62624 0.231679
73 8.62599 0.231467
74 8.6256 0.231283
75 8.6266 0.231348
76 8.62784 0.231667
77 8.62812 0.231746
78 8.62943 0.231853
79 8.62877 0.231701
80 8.62939 0.231745
81 8.62915 0.231832
82 8.62891 0.231493
83 8.62851 0.231286
84 8.63003 0.231138
85 8.63042 0.231498
86 8.63189 0.231832
87 8.63214 0.231933
88 8.63321 0.231905
89 8.63469 0.231987
90 8.63367 0.231635
91 8.63514 0.231787
92 8.63622 0.232032
93 8.63559 0.231648
94 8.63528 0.231375
95 8.63541 0.231806
96 8.6338 0.2313
97 8.63386 0.230922
98 8.63444 0.23089
99 8.63245 0.230804
100 8.63182 0.231078
101 8.63395 0.231449
102 8.63466 0.230868
103 8.63308 0.230918
104 8.63328 0.231148
105 8.6328 0.231375
106 8.63371 0.231481
107 8.63555 0.231948
108 8.63688 0.232084
109 8.63649 0.232283
110 8.63404 0.23222
111 8.63366 0.232178
112 8.63286 0.232341
113 8.63134 0.232435
114 8.63256 0.23217
115 8.63465 0.232048
116 8.6354 0.231947
117 8.63339 0.231778
118 8.63306 0.23181
119 8.63292 0.232036
120 8.63317 0.23186
121 8.63216 0.232016
122 8.63148 0.23196
123 8.62841 0.231744
124 8.62936 0.231866
125 8.62932 0.231557
126 8.62945 0.231029
127 8.6288 0.230794
128 8.6275 0.230585
129 8.62719 0.23081
130 8.62505 0.230767
131 8.62496 0.230845
132 8.62496 0.230923
133 8.62274 0.230617
134 8.62153 0.230396
135 8.61894 0.230257
136 8.61977 0.230301
137 8.61938 0.230292
138 8.62067 0.230531
139 8.62054 0.230688
140 8.62074 0.230763
141 8.62021 0.230582
142 8.61936 0.230312
143 8.61821 0.230136
144 8.61986 0.230197
145 8.61941 0.230305
146 8.61887 0.230196
147 8.61873 0.230068
148 8.61801 0.22999
149 8.61677 0.229634
150 8.61597 0.229667
151 8.61523 0.229782
152 8.61896 0.229782
153 8.61865 0.229554
154 8.61957 0.229518
155 8.61942 0.228912
156 8.61856 0.228726
157 8.61876 0.228222
158 8.61918 0.228434
159 8.61932 0.228483
160 8.61986 0.228268
161 8.61946 0.227815
162 8.62 0.227779
163 8.6195 0.227792
164 8.61844 0.227677
165 8.61918 0.227951
166 8.61917 0.228441
167 8.61841 0.227918
168 8.61712 0.227943
169 8.61624 0.227701
170 8.61631 0.227734
171 8.61596 0.228275
172 8.61626 0.228658
173 8.61512 0.22882
174 8.61494 0.228595
175 8.61383 0.228755
176 8.61371 0.228719
177 8.6125 0.228278
178 8.61203 0.228049
179 8.61462 0.228132
180 8.61606 0.227914
181 8.61665 0.227226
182 8.61765 0.227292
183 8.61813 0.227249
184 8.62051 0.227595
185 8.62118 0.227876
186 8.62237 0.228162
187 8.62264 0.227868
188 8.62413 0.228353
189 8.62446 0.228297
190 8.6234 0.228389
191 8.62439 0.22834
192 8.62274 0.228554
193 8.62161 0.228617
194 8.62025 0.228336
195 8.62218 0.228308
196 8.62207 0.228295
197 8.62088 0.228338
198 8.62001 0.228741
199 8.62057 0.228779
200 8.62132 0.228814
201 8.62206 0.228766
202 8.62006 0.22871
203 8.6187 0.228631
204 8.6187 0.228694
205 8.61854 0.228678
206 8.61651 0.228851
207 8.61632 0.22877
208 8.61464 0.228814
209 8.61497 0.229139
210 8.61502 0.229174
211 8.61252 0.229271
212 8.61235 0.22908
213 8.61443 0.229309
214 8.61409 0.229393
215 8.61331 0.229116
216 8.61266 0.228634
217 8.61264 0.228624
218 8.6117 0.228629
219 8.61176 0.228823
220 8.61221 0.228697
221 8.61194 0.228364
222 8.61141 0.228217
223 8.61078 0.228484
224 8.61042 0.228653
225 8.61159 0.228455
226 8.61331 0.228539
227 8.61296 0.228574
228 8.61338 0.228499
229 8.61289 0.228755
230 8.61455 0.228826
231 8.61392 0.228472
232 8.61319 0.227925
233 8.61297 0.22788
234 8.61137 0.227605
235 8.61046 0.227475
236 8.61107 0.227348
237 8.61296 0.22746
238 8.61243 0.227181
239 8.61134 0.227597
240 8.61276 0.228043
241 8.61405 0.228008
242 8.61302 0.227562
243 8.61158 0.227748
244 8.61245 0.227868
245 8.61305 0.227893
246 8.61268 0.227871
247 8.61437 0.227722
248 8.61319 0.227209
249 8.61358 0.227237
250 8.6121 0.226771
251 8.61313 0.226237
252 8.61199 0.226837
253 8.61354 0.226698
254 8.61221 0.226702
255 8.61433 0.226766
256 8.6145 0.226784
257 8.61468 0.226488
258 8.61624 0.226102
259 8.61613 0.22671
260 8.61703 0.226468
261 8.61695 0.226474
262 8.61604 0.226891
263 8.61671 0.226908
264 8.61824 0.227219
265 8.61765 0.226955
266 8.6176 0.227285
267 8.61819 0.227689
268 8.61793 0.228349
269 8.61791 0.228136
270 8.62004 0.228357
271 8.62158 0.228704
272 8.62263 0.228701
273 8.62211 0.228395
274 8.62012 0.227874
275 8.6193 0.227912
276 8.61985 0.227898
277 8.62142 0.227364
278 8.62125 0.227436
279 8.62063 0.227642
280 8.62022 0.227913
281 8.622 0.227647
282 8.62304 0.227682
283 8.62334 0.22753
284 8.62405 0.227451
285 8.62358 0.227163
286 8.62477 0.226853
287 8.62377 0.227011
288 8.62375 0.226692
289 8.62372 0.22672
290 8.62323 0.22659
291 8.62435 0.226443
292 8.62508 0.226866
293 8.62399 0.227081
294 8.62351 0.226624
295 8.62369 0.226717
296 8.62453 0.226712
297 8.62491 0.226693
298 8.62479 0.226918
299 8.62455 0.226725
